year	month	day	hour	minute	second	buyer	seller	item	price	cash_amount	item_amount	world	coordinates
2018	10	14	10	53	46	Remixster	Cardano_ff	Prismarine Shard	1.0	64.0	64	world	[-2507, 23, 2815]
2018	11	05	20	20	15	pudzo	frozenhammerz	Prismarine Shard	25.0	25.0	1	world	[-2752, 25, 1823]
2018	11	05	20	20	19	pudzo	frozenhammerz	Prismarine Shard	25.0	1600.0	64	world	[-2752, 25, 1823]
2018	11	05	20	20	22	pudzo	frozenhammerz	Prismarine Shard	25.0	1600.0	64	world	[-2752, 25, 1823]
2018	11	05	20	20	23	pudzo	frozenhammerz	Prismarine Shard	25.0	25.0	1	world	[-2752, 25, 1823]
2018	11	05	20	20	26	pudzo	frozenhammerz	Prismarine Shard	25.0	700.0	28	world	[-2752, 25, 1823]
2018	11	06	23	49	50	pudzo	frozenhammerz	Prismarine Shard	25.0	1600.0	64	world	[-2752, 25, 1823]
2018	11	06	23	49	51	pudzo	frozenhammerz	Prismarine Shard	25.0	1600.0	64	world	[-2752, 25, 1823]
2018	11	07	19	44	55	pudzo	K9us	Prismarine Shard	10.0	640.0	64	world	[-2752, 25, 1823]
2018	11	07	21	34	47	pudzo	Cardano_ff	Prismarine Shard	1.0	64.0	64	world	[-2507, 23, 2815]
2018	11	07	21	34	48	pudzo	Cardano_ff	Prismarine Shard	1.0	64.0	64	world	[-2507, 23, 2815]
2018	11	07	21	34	53	pudzo	Cardano_ff	Prismarine Shard	1.0	64.0	64	world	[-2507, 23, 2815]
2018	11	07	21	35	00	pudzo	Cardano_ff	Prismarine Shard	1.0	64.0	64	world	[-2507, 23, 2815]
2018	11	07	21	35	25	pudzo	Cardano_ff	Prismarine Shard	1.0	64.0	64	world	[-2507, 23, 2815]
2018	11	07	21	35	28	pudzo	Cardano_ff	Prismarine Shard	1.0	64.0	64	world	[-2507, 23, 2815]
2018	11	07	21	35	28	pudzo	Cardano_ff	Prismarine Shard	1.0	64.0	64	world	[-2507, 23, 2815]
2018	11	07	21	35	29	pudzo	Cardano_ff	Prismarine Shard	1.0	64.0	64	world	[-2507, 23, 2815]
2018	11	28	00	55	27	Mr_Digs	Cardano_ff	Prismarine Shard	1.0	64.0	64	world	[-2507, 23, 2815]
2018	11	28	00	55	28	Mr_Digs	Cardano_ff	Prismarine Shard	1.0	64.0	64	world	[-2507, 23, 2815]
2018	11	28	00	55	29	Mr_Digs	Cardano_ff	Prismarine Shard	1.0	64.0	64	world	[-2507, 23, 2815]
2018	11	28	00	55	29	Mr_Digs	Cardano_ff	Prismarine Shard	1.0	64.0	64	world	[-2507, 23, 2815]
2018	11	28	00	55	30	Mr_Digs	Cardano_ff	Prismarine Shard	1.0	64.0	64	world	[-2507, 23, 2815]
2018	11	28	00	55	31	Mr_Digs	Cardano_ff	Prismarine Shard	1.0	64.0	64	world	[-2507, 23, 2815]
2018	11	28	00	55	31	Mr_Digs	Cardano_ff	Prismarine Shard	1.0	64.0	64	world	[-2507, 23, 2815]
2018	11	28	00	55	32	Mr_Digs	Cardano_ff	Prismarine Shard	1.0	64.0	64	world	[-2507, 23, 2815]
2018	11	28	00	55	57	Mr_Digs	Cardano_ff	Prismarine Shard	1.0	64.0	64	world	[-2507, 23, 2815]
2018	11	28	00	55	58	Mr_Digs	Cardano_ff	Prismarine Shard	1.0	64.0	64	world	[-2507, 23, 2815]
2018	11	28	00	55	58	Mr_Digs	sharonclaws	Prismarine Shard	1.0	64.0	64	world	[-2506, 23, 2815]
2018	11	28	00	55	59	Mr_Digs	sharonclaws	Prismarine Shard	1.0	64.0	64	world	[-2505, 23, 2815]
2018	11	28	00	56	00	Mr_Digs	sharonclaws	Prismarine Shard	1.0	64.0	64	world	[-2505, 23, 2815]
2018	11	28	00	56	00	Mr_Digs	sharonclaws	Prismarine Shard	1.0	64.0	64	world	[-2504, 23, 2815]
2018	11	28	00	56	01	Mr_Digs	sharonclaws	Prismarine Shard	1.0	64.0	64	world	[-2505, 23, 2815]
2018	11	28	00	56	01	Mr_Digs	sharonclaws	Prismarine Shard	1.0	64.0	64	world	[-2506, 23, 2815]
2018	11	28	00	56	02	Mr_Digs	sharonclaws	Prismarine Shard	1.0	64.0	64	world	[-2506, 23, 2815]
2018	11	28	00	56	03	Mr_Digs	Cardano_ff	Prismarine Shard	1.0	64.0	64	world	[-2507, 23, 2815]
2018	11	28	00	56	03	Mr_Digs	sharonclaws	Prismarine Shard	1.0	64.0	64	world	[-2506, 23, 2815]
2018	11	28	00	58	56	Mr_Digs	Cardano_ff	Prismarine Shard	1.0	64.0	64	world	[-2507, 23, 2815]
2018	11	28	00	59	00	Mr_Digs	Cardano_ff	Prismarine Shard	1.0	64.0	64	world	[-2507, 23, 2815]
2018	11	28	00	59	01	Mr_Digs	Cardano_ff	Prismarine Shard	1.0	64.0	64	world	[-2507, 23, 2815]
2018	11	28	00	59	01	Mr_Digs	sharonclaws	Prismarine Shard	1.0	64.0	64	world	[-2506, 23, 2815]
2018	11	28	00	59	02	Mr_Digs	Cardano_ff	Prismarine Shard	1.0	64.0	64	world	[-2507, 23, 2815]
2018	11	28	00	59	06	Mr_Digs	Cardano_ff	Prismarine Shard	1.0	64.0	64	world	[-2507, 23, 2815]
2018	11	28	00	59	06	Mr_Digs	Cardano_ff	Prismarine Shard	1.0	64.0	64	world	[-2507, 23, 2815]
2018	11	28	00	59	07	Mr_Digs	Cardano_ff	Prismarine Shard	1.0	64.0	64	world	[-2507, 23, 2815]
2018	11	28	00	59	08	Mr_Digs	Cardano_ff	Prismarine Shard	1.0	64.0	64	world	[-2507, 23, 2815]
2018	11	28	00	59	08	Mr_Digs	Cardano_ff	Prismarine Shard	1.0	64.0	64	world	[-2507, 23, 2815]
2018	11	28	00	59	09	Mr_Digs	Cardano_ff	Prismarine Shard	1.0	64.0	64	world	[-2507, 23, 2815]
2018	11	28	00	59	09	Mr_Digs	Cardano_ff	Prismarine Shard	1.0	64.0	64	world	[-2507, 23, 2815]
2018	11	28	00	59	10	Mr_Digs	Cardano_ff	Prismarine Shard	1.0	64.0	64	world	[-2507, 23, 2815]
2018	11	28	00	59	11	Mr_Digs	Cardano_ff	Prismarine Shard	1.0	64.0	64	world	[-2507, 23, 2815]
2018	11	28	13	26	41	Mr_Digs	Cardano_ff	Prismarine Shard	1.0	64.0	64	world	[-2507, 23, 2815]
2018	11	28	13	26	42	Mr_Digs	Cardano_ff	Prismarine Shard	1.0	64.0	64	world	[-2507, 23, 2815]
2018	11	28	13	26	42	Mr_Digs	Cardano_ff	Prismarine Shard	1.0	64.0	64	world	[-2507, 23, 2815]
2018	11	28	13	26	43	Mr_Digs	Cardano_ff	Prismarine Shard	1.0	64.0	64	world	[-2507, 23, 2815]
2018	11	28	13	26	44	Mr_Digs	Cardano_ff	Prismarine Shard	1.0	64.0	64	world	[-2507, 23, 2815]
2018	11	28	13	26	44	Mr_Digs	Cardano_ff	Prismarine Shard	1.0	64.0	64	world	[-2507, 23, 2815]
2018	11	28	13	26	45	Mr_Digs	Cardano_ff	Prismarine Shard	1.0	64.0	64	world	[-2507, 23, 2815]
2018	11	28	13	26	46	Mr_Digs	Cardano_ff	Prismarine Shard	1.0	64.0	64	world	[-2507, 23, 2815]
2018	11	28	13	26	46	Mr_Digs	Cardano_ff	Prismarine Shard	1.0	64.0	64	world	[-2507, 23, 2815]
2018	11	28	13	26	47	Mr_Digs	Cardano_ff	Prismarine Shard	1.0	64.0	64	world	[-2507, 23, 2815]
2018	11	28	13	26	48	Mr_Digs	Cardano_ff	Prismarine Shard	1.0	58.0	58	world	[-2507, 23, 2815]
2018	11	28	13	27	25	Mr_Digs	Cardano_ff	Prismarine Shard	1.0	64.0	64	world	[-2507, 23, 2815]
2018	11	28	13	27	26	Mr_Digs	Cardano_ff	Prismarine Shard	1.0	64.0	64	world	[-2507, 23, 2815]
2018	11	28	13	28	10	Mr_Digs	sharonclaws	Prismarine Shard	1.0	64.0	64	world	[-2506, 23, 2815]
2018	11	28	13	28	10	Mr_Digs	sharonclaws	Prismarine Shard	1.0	64.0	64	world	[-2506, 23, 2815]
2018	11	28	13	28	11	Mr_Digs	sharonclaws	Prismarine Shard	1.0	64.0	64	world	[-2506, 23, 2815]
2018	11	28	16	02	21	Mr_Digs	sharonclaws	Prismarine Shard	1.0	64.0	64	world	[-2504, 23, 2815]
2018	11	28	16	02	22	Mr_Digs	sharonclaws	Prismarine Shard	1.0	64.0	64	world	[-2504, 23, 2815]
2018	11	28	16	02	22	Mr_Digs	sharonclaws	Prismarine Shard	1.0	64.0	64	world	[-2504, 23, 2815]
2018	11	28	16	02	23	Mr_Digs	sharonclaws	Prismarine Shard	1.0	64.0	64	world	[-2504, 23, 2815]
2018	11	28	16	02	23	Mr_Digs	sharonclaws	Prismarine Shard	1.0	64.0	64	world	[-2504, 23, 2815]
2018	11	28	16	02	24	Mr_Digs	sharonclaws	Prismarine Shard	1.0	64.0	64	world	[-2504, 23, 2815]
2018	11	28	16	02	25	Mr_Digs	sharonclaws	Prismarine Shard	1.0	64.0	64	world	[-2504, 23, 2815]
2018	11	28	16	02	25	Mr_Digs	sharonclaws	Prismarine Shard	1.0	64.0	64	world	[-2504, 23, 2815]
2018	11	28	16	02	26	Mr_Digs	sharonclaws	Prismarine Shard	1.0	64.0	64	world	[-2504, 23, 2815]
2018	11	28	16	02	27	Mr_Digs	sharonclaws	Prismarine Shard	1.0	64.0	64	world	[-2504, 23, 2815]
2018	11	28	16	02	27	Mr_Digs	sharonclaws	Prismarine Shard	1.0	64.0	64	world	[-2504, 23, 2815]
2018	11	28	16	02	28	Mr_Digs	sharonclaws	Prismarine Shard	1.0	64.0	64	world	[-2504, 23, 2815]
2018	11	28	16	02	28	Mr_Digs	sharonclaws	Prismarine Shard	1.0	64.0	64	world	[-2504, 23, 2815]
2018	11	28	16	02	29	Mr_Digs	sharonclaws	Prismarine Shard	1.0	64.0	64	world	[-2504, 23, 2815]
2018	11	28	16	04	10	Mr_Digs	sharonclaws	Prismarine Shard	1.0	64.0	64	world	[-2504, 23, 2815]
2018	11	28	16	04	27	Mr_Digs	sharonclaws	Prismarine Shard	1.0	64.0	64	world	[-2504, 23, 2815]
2018	11	28	16	04	27	Mr_Digs	sharonclaws	Prismarine Shard	1.0	64.0	64	world	[-2504, 23, 2815]
2018	11	28	16	04	28	Mr_Digs	sharonclaws	Prismarine Shard	1.0	64.0	64	world	[-2504, 23, 2815]
2018	11	28	16	04	28	Mr_Digs	sharonclaws	Prismarine Shard	1.0	64.0	64	world	[-2504, 23, 2815]
2018	11	28	16	04	29	Mr_Digs	sharonclaws	Prismarine Shard	1.0	64.0	64	world	[-2504, 23, 2815]
2018	11	28	16	04	30	Mr_Digs	sharonclaws	Prismarine Shard	1.0	64.0	64	world	[-2504, 23, 2815]
2018	11	28	16	04	30	Mr_Digs	sharonclaws	Prismarine Shard	1.0	64.0	64	world	[-2504, 23, 2815]
2018	11	28	16	04	31	Mr_Digs	sharonclaws	Prismarine Shard	1.0	64.0	64	world	[-2504, 23, 2815]
2018	11	28	16	04	31	Mr_Digs	sharonclaws	Prismarine Shard	1.0	64.0	64	world	[-2504, 23, 2815]
2018	11	28	16	04	32	Mr_Digs	sharonclaws	Prismarine Shard	1.0	64.0	64	world	[-2504, 23, 2815]
2018	11	28	16	04	33	Mr_Digs	sharonclaws	Prismarine Shard	1.0	64.0	64	world	[-2504, 23, 2815]
2018	11	28	16	04	33	Mr_Digs	sharonclaws	Prismarine Shard	1.0	64.0	64	world	[-2504, 23, 2815]
2018	11	28	16	04	34	Mr_Digs	sharonclaws	Prismarine Shard	1.0	58.0	58	world	[-2504, 23, 2815]
2018	11	28	16	04	48	Mr_Digs	sharonclaws	Prismarine Shard	1.0	64.0	64	world	[-2504, 23, 2815]
2018	11	28	16	04	48	Mr_Digs	sharonclaws	Prismarine Shard	1.0	64.0	64	world	[-2504, 23, 2815]
2018	11	28	16	04	49	Mr_Digs	sharonclaws	Prismarine Shard	1.0	64.0	64	world	[-2504, 23, 2815]
2018	11	28	16	04	50	Mr_Digs	sharonclaws	Prismarine Shard	1.0	64.0	64	world	[-2504, 23, 2815]
2018	11	28	16	04	50	Mr_Digs	sharonclaws	Prismarine Shard	1.0	64.0	64	world	[-2504, 23, 2815]
2018	11	28	16	04	51	Mr_Digs	sharonclaws	Prismarine Shard	1.0	64.0	64	world	[-2504, 23, 2815]
2018	11	28	16	04	52	Mr_Digs	sharonclaws	Prismarine Shard	1.0	64.0	64	world	[-2504, 23, 2815]
2018	11	28	16	04	52	Mr_Digs	sharonclaws	Prismarine Shard	1.0	64.0	64	world	[-2504, 23, 2815]
2018	11	28	16	04	53	Mr_Digs	sharonclaws	Prismarine Shard	1.0	64.0	64	world	[-2504, 23, 2815]
2018	11	28	16	05	02	Mr_Digs	sharonclaws	Prismarine Shard	1.0	64.0	64	world	[-2504, 23, 2815]
2018	11	28	16	05	03	Mr_Digs	sharonclaws	Prismarine Shard	1.0	60.0	60	world	[-2504, 23, 2815]
2018	11	28	16	05	13	Mr_Digs	sharonclaws	Prismarine Shard	1.0	64.0	64	world	[-2504, 23, 2815]
2018	11	28	16	05	13	Mr_Digs	sharonclaws	Prismarine Shard	1.0	64.0	64	world	[-2504, 23, 2815]
2018	11	28	16	05	14	Mr_Digs	sharonclaws	Prismarine Shard	1.0	64.0	64	world	[-2504, 23, 2815]
2018	11	28	16	05	14	Mr_Digs	sharonclaws	Prismarine Shard	1.0	64.0	64	world	[-2504, 23, 2815]
2018	11	28	16	05	15	Mr_Digs	sharonclaws	Prismarine Shard	1.0	64.0	64	world	[-2504, 23, 2815]
2018	11	28	16	05	16	Mr_Digs	sharonclaws	Prismarine Shard	1.0	64.0	64	world	[-2504, 23, 2815]
2018	11	28	16	05	16	Mr_Digs	sharonclaws	Prismarine Shard	1.0	64.0	64	world	[-2504, 23, 2815]
2018	11	28	16	05	17	Mr_Digs	sharonclaws	Prismarine Shard	1.0	64.0	64	world	[-2504, 23, 2815]
2018	11	28	16	05	18	Mr_Digs	sharonclaws	Prismarine Shard	1.0	64.0	64	world	[-2504, 23, 2815]
2018	11	28	16	05	18	Mr_Digs	sharonclaws	Prismarine Shard	1.0	62.0	62	world	[-2504, 23, 2815]
2018	11	28	16	05	45	Mr_Digs	sharonclaws	Prismarine Shard	1.0	64.0	64	world	[-2504, 23, 2815]
2018	11	28	16	05	46	Mr_Digs	sharonclaws	Prismarine Shard	1.0	64.0	64	world	[-2504, 23, 2815]
2018	11	28	16	05	46	Mr_Digs	sharonclaws	Prismarine Shard	1.0	64.0	64	world	[-2504, 23, 2815]
2018	11	28	16	05	47	Mr_Digs	sharonclaws	Prismarine Shard	1.0	64.0	64	world	[-2504, 23, 2815]
2018	11	28	16	05	48	Mr_Digs	sharonclaws	Prismarine Shard	1.0	64.0	64	world	[-2504, 23, 2815]
2018	11	28	16	05	48	Mr_Digs	sharonclaws	Prismarine Shard	1.0	64.0	64	world	[-2504, 23, 2815]
2018	11	28	16	05	49	Mr_Digs	sharonclaws	Prismarine Shard	1.0	64.0	64	world	[-2504, 23, 2815]
2018	11	28	16	05	49	Mr_Digs	sharonclaws	Prismarine Shard	1.0	64.0	64	world	[-2504, 23, 2815]
2018	11	28	16	05	50	Mr_Digs	sharonclaws	Prismarine Shard	1.0	63.0	63	world	[-2504, 23, 2815]
2018	11	28	16	05	59	Mr_Digs	sharonclaws	Prismarine Shard	1.0	64.0	64	world	[-2504, 23, 2815]
2018	11	28	16	05	59	Mr_Digs	sharonclaws	Prismarine Shard	1.0	64.0	64	world	[-2504, 23, 2815]
2018	11	28	16	06	00	Mr_Digs	sharonclaws	Prismarine Shard	1.0	64.0	64	world	[-2504, 23, 2815]
2018	11	28	16	06	00	Mr_Digs	sharonclaws	Prismarine Shard	1.0	64.0	64	world	[-2504, 23, 2815]
2018	11	28	16	06	01	Mr_Digs	sharonclaws	Prismarine Shard	1.0	51.0	51	world	[-2504, 23, 2815]
2018	11	28	16	06	02	Mr_Digs	sharonclaws	Prismarine Shard	1.0	2.0	2	world	[-2504, 23, 2815]
2018	11	28	16	06	02	Mr_Digs	sharonclaws	Prismarine Shard	1.0	1.0	1	world	[-2504, 23, 2815]
2018	11	28	16	06	05	Mr_Digs	sharonclaws	Prismarine Shard	1.0	6.0	6	world	[-2504, 23, 2815]
2018	11	28	16	06	05	Mr_Digs	sharonclaws	Prismarine Shard	1.0	2.0	2	world	[-2504, 23, 2815]
2018	11	28	16	06	06	Mr_Digs	sharonclaws	Prismarine Shard	1.0	2.0	2	world	[-2504, 23, 2815]
2018	11	28	16	06	07	Mr_Digs	sharonclaws	Prismarine Shard	1.0	1.0	1	world	[-2504, 23, 2815]
2018	11	28	16	06	07	Mr_Digs	sharonclaws	Prismarine Shard	1.0	2.0	2	world	[-2504, 23, 2815]
2018	11	28	16	06	08	Mr_Digs	sharonclaws	Prismarine Shard	1.0	64.0	64	world	[-2505, 23, 2815]
2018	11	28	16	06	09	Mr_Digs	sharonclaws	Prismarine Shard	1.0	64.0	64	world	[-2505, 23, 2815]
2018	11	28	16	06	09	Mr_Digs	sharonclaws	Prismarine Shard	1.0	61.0	61	world	[-2505, 23, 2815]
2018	11	28	16	06	20	Mr_Digs	sharonclaws	Prismarine Shard	1.0	64.0	64	world	[-2505, 23, 2815]
2018	11	28	16	06	20	Mr_Digs	sharonclaws	Prismarine Shard	1.0	64.0	64	world	[-2505, 23, 2815]
2018	11	28	16	06	21	Mr_Digs	sharonclaws	Prismarine Shard	1.0	64.0	64	world	[-2505, 23, 2815]
2018	11	28	16	06	21	Mr_Digs	sharonclaws	Prismarine Shard	1.0	64.0	64	world	[-2505, 23, 2815]
2018	11	28	16	06	22	Mr_Digs	sharonclaws	Prismarine Shard	1.0	64.0	64	world	[-2505, 23, 2815]
2018	11	28	16	06	23	Mr_Digs	sharonclaws	Prismarine Shard	1.0	64.0	64	world	[-2505, 23, 2815]
2018	11	28	16	06	23	Mr_Digs	sharonclaws	Prismarine Shard	1.0	56.0	56	world	[-2505, 23, 2815]
2018	11	28	16	09	29	Mr_Digs	sharonclaws	Prismarine Shard	1.0	64.0	64	world	[-2505, 23, 2815]
2018	11	28	16	09	29	Mr_Digs	sharonclaws	Prismarine Shard	1.0	64.0	64	world	[-2505, 23, 2815]
2018	11	28	16	09	30	Mr_Digs	sharonclaws	Prismarine Shard	1.0	64.0	64	world	[-2505, 23, 2815]
2018	11	28	16	09	30	Mr_Digs	sharonclaws	Prismarine Shard	1.0	64.0	64	world	[-2505, 23, 2815]
2018	11	28	16	09	31	Mr_Digs	sharonclaws	Prismarine Shard	1.0	64.0	64	world	[-2505, 23, 2815]
2018	11	28	16	09	32	Mr_Digs	sharonclaws	Prismarine Shard	1.0	64.0	64	world	[-2505, 23, 2815]
2018	11	28	16	09	32	Mr_Digs	sharonclaws	Prismarine Shard	1.0	64.0	64	world	[-2505, 23, 2815]
2018	11	28	16	09	33	Mr_Digs	sharonclaws	Prismarine Shard	1.0	64.0	64	world	[-2505, 23, 2815]
2018	11	28	16	09	33	Mr_Digs	sharonclaws	Prismarine Shard	1.0	64.0	64	world	[-2505, 23, 2815]
2018	11	28	16	09	34	Mr_Digs	sharonclaws	Prismarine Shard	1.0	64.0	64	world	[-2505, 23, 2815]
2018	11	28	16	09	35	Mr_Digs	sharonclaws	Prismarine Shard	1.0	64.0	64	world	[-2505, 23, 2815]
2018	11	28	16	09	35	Mr_Digs	sharonclaws	Prismarine Shard	1.0	64.0	64	world	[-2505, 23, 2815]
2018	11	28	16	09	36	Mr_Digs	sharonclaws	Prismarine Shard	1.0	64.0	64	world	[-2505, 23, 2815]
2018	11	28	16	09	36	Mr_Digs	sharonclaws	Prismarine Shard	1.0	64.0	64	world	[-2505, 23, 2815]
2018	11	28	16	09	37	Mr_Digs	sharonclaws	Prismarine Shard	1.0	64.0	64	world	[-2505, 23, 2815]
2018	11	28	16	09	38	Mr_Digs	sharonclaws	Prismarine Shard	1.0	64.0	64	world	[-2505, 23, 2815]
2018	11	28	16	09	38	Mr_Digs	sharonclaws	Prismarine Shard	1.0	64.0	64	world	[-2505, 23, 2815]
2018	11	28	16	09	39	Mr_Digs	sharonclaws	Prismarine Shard	1.0	64.0	64	world	[-2505, 23, 2815]
2018	11	28	16	09	39	Mr_Digs	sharonclaws	Prismarine Shard	1.0	64.0	64	world	[-2505, 23, 2815]
2018	11	28	16	09	40	Mr_Digs	sharonclaws	Prismarine Shard	1.0	64.0	64	world	[-2505, 23, 2815]
2018	11	28	16	09	41	Mr_Digs	sharonclaws	Prismarine Shard	1.0	64.0	64	world	[-2505, 23, 2815]
2018	11	28	16	09	41	Mr_Digs	sharonclaws	Prismarine Shard	1.0	64.0	64	world	[-2505, 23, 2815]
2018	11	28	16	09	42	Mr_Digs	sharonclaws	Prismarine Shard	1.0	64.0	64	world	[-2505, 23, 2815]
2018	11	28	16	09	42	Mr_Digs	sharonclaws	Prismarine Shard	1.0	64.0	64	world	[-2505, 23, 2815]
2018	11	28	16	09	43	Mr_Digs	sharonclaws	Prismarine Shard	1.0	64.0	64	world	[-2505, 23, 2815]
2018	11	28	16	09	44	Mr_Digs	sharonclaws	Prismarine Shard	1.0	64.0	64	world	[-2505, 23, 2815]
2018	11	28	16	09	45	Mr_Digs	sharonclaws	Prismarine Shard	1.0	64.0	64	world	[-2505, 23, 2815]
2018	11	28	16	09	45	Mr_Digs	sharonclaws	Prismarine Shard	1.0	64.0	64	world	[-2505, 23, 2815]
2018	11	28	16	09	46	Mr_Digs	sharonclaws	Prismarine Shard	1.0	64.0	64	world	[-2505, 23, 2815]
2018	11	28	16	09	47	Mr_Digs	sharonclaws	Prismarine Shard	1.0	64.0	64	world	[-2505, 23, 2815]
2018	11	28	16	09	47	Mr_Digs	sharonclaws	Prismarine Shard	1.0	64.0	64	world	[-2505, 23, 2815]
2018	11	28	16	09	48	Mr_Digs	sharonclaws	Prismarine Shard	1.0	64.0	64	world	[-2505, 23, 2815]
2018	11	28	16	09	48	Mr_Digs	sharonclaws	Prismarine Shard	1.0	64.0	64	world	[-2505, 23, 2815]
2018	11	28	16	09	49	Mr_Digs	sharonclaws	Prismarine Shard	1.0	64.0	64	world	[-2505, 23, 2815]
2018	11	28	16	09	50	Mr_Digs	sharonclaws	Prismarine Shard	1.0	57.0	57	world	[-2505, 23, 2815]
2018	11	28	16	10	08	Mr_Digs	sharonclaws	Prismarine Shard	1.0	64.0	64	world	[-2505, 23, 2815]
2018	11	28	16	10	09	Mr_Digs	sharonclaws	Prismarine Shard	1.0	64.0	64	world	[-2505, 23, 2815]
2018	11	28	16	10	09	Mr_Digs	sharonclaws	Prismarine Shard	1.0	64.0	64	world	[-2505, 23, 2815]
2018	11	28	16	10	10	Mr_Digs	sharonclaws	Prismarine Shard	1.0	64.0	64	world	[-2505, 23, 2815]
2018	11	28	16	10	11	Mr_Digs	sharonclaws	Prismarine Shard	1.0	64.0	64	world	[-2505, 23, 2815]
2018	11	28	16	10	11	Mr_Digs	sharonclaws	Prismarine Shard	1.0	64.0	64	world	[-2505, 23, 2815]
2018	11	28	16	10	12	Mr_Digs	sharonclaws	Prismarine Shard	1.0	64.0	64	world	[-2505, 23, 2815]
2018	11	28	16	10	12	Mr_Digs	sharonclaws	Prismarine Shard	1.0	64.0	64	world	[-2505, 23, 2815]
2018	11	28	16	10	13	Mr_Digs	sharonclaws	Prismarine Shard	1.0	64.0	64	world	[-2505, 23, 2815]
2018	11	28	16	10	14	Mr_Digs	sharonclaws	Prismarine Shard	1.0	64.0	64	world	[-2505, 23, 2815]
2018	11	28	16	10	14	Mr_Digs	sharonclaws	Prismarine Shard	1.0	64.0	64	world	[-2505, 23, 2815]
2018	11	28	16	10	15	Mr_Digs	sharonclaws	Prismarine Shard	1.0	64.0	64	world	[-2505, 23, 2815]
2018	11	28	16	10	15	Mr_Digs	sharonclaws	Prismarine Shard	1.0	64.0	64	world	[-2505, 23, 2815]
2018	11	28	16	10	16	Mr_Digs	sharonclaws	Prismarine Shard	1.0	64.0	64	world	[-2505, 23, 2815]
2018	11	28	16	10	17	Mr_Digs	sharonclaws	Prismarine Shard	1.0	27.0	27	world	[-2505, 23, 2815]
2018	11	28	16	10	17	Mr_Digs	sharonclaws	Prismarine Shard	1.0	2.0	2	world	[-2505, 23, 2815]
2018	11	28	16	10	18	Mr_Digs	sharonclaws	Prismarine Shard	1.0	1.0	1	world	[-2505, 23, 2815]
2018	11	28	16	10	19	Mr_Digs	sharonclaws	Prismarine Shard	1.0	2.0	2	world	[-2505, 23, 2815]
2018	11	28	16	10	19	Mr_Digs	sharonclaws	Prismarine Shard	1.0	1.0	1	world	[-2505, 23, 2815]
2018	11	28	16	10	20	Mr_Digs	sharonclaws	Prismarine Shard	1.0	2.0	2	world	[-2505, 23, 2815]
2018	11	28	16	10	20	Mr_Digs	sharonclaws	Prismarine Shard	1.0	64.0	64	world	[-2506, 23, 2815]
2018	11	28	16	10	21	Mr_Digs	sharonclaws	Prismarine Shard	1.0	64.0	64	world	[-2506, 23, 2815]
2018	11	28	16	10	22	Mr_Digs	sharonclaws	Prismarine Shard	1.0	64.0	64	world	[-2506, 23, 2815]
2018	11	28	16	10	22	Mr_Digs	sharonclaws	Prismarine Shard	1.0	64.0	64	world	[-2506, 23, 2815]
2018	11	28	16	10	23	Mr_Digs	sharonclaws	Prismarine Shard	1.0	64.0	64	world	[-2506, 23, 2815]
2018	11	28	16	10	23	Mr_Digs	sharonclaws	Prismarine Shard	1.0	64.0	64	world	[-2506, 23, 2815]
2018	11	28	16	10	24	Mr_Digs	sharonclaws	Prismarine Shard	1.0	64.0	64	world	[-2506, 23, 2815]
2018	11	28	16	10	25	Mr_Digs	sharonclaws	Prismarine Shard	1.0	64.0	64	world	[-2506, 23, 2815]
2018	11	28	16	10	25	Mr_Digs	sharonclaws	Prismarine Shard	1.0	64.0	64	world	[-2506, 23, 2815]
2018	11	28	16	10	26	Mr_Digs	sharonclaws	Prismarine Shard	1.0	64.0	64	world	[-2506, 23, 2815]
2018	11	28	16	10	26	Mr_Digs	sharonclaws	Prismarine Shard	1.0	64.0	64	world	[-2506, 23, 2815]
2018	11	28	16	10	27	Mr_Digs	sharonclaws	Prismarine Shard	1.0	64.0	64	world	[-2506, 23, 2815]
2018	11	28	16	10	28	Mr_Digs	sharonclaws	Prismarine Shard	1.0	64.0	64	world	[-2506, 23, 2815]
2018	11	28	16	10	28	Mr_Digs	sharonclaws	Prismarine Shard	1.0	64.0	64	world	[-2506, 23, 2815]
2018	11	28	16	10	29	Mr_Digs	sharonclaws	Prismarine Shard	1.0	64.0	64	world	[-2506, 23, 2815]
2018	11	28	16	10	29	Mr_Digs	sharonclaws	Prismarine Shard	1.0	64.0	64	world	[-2506, 23, 2815]
2018	11	28	16	10	30	Mr_Digs	sharonclaws	Prismarine Shard	1.0	21.0	21	world	[-2506, 23, 2815]
2018	11	28	16	10	44	Mr_Digs	sharonclaws	Prismarine Shard	1.0	64.0	64	world	[-2506, 23, 2815]
2018	11	28	16	10	45	Mr_Digs	sharonclaws	Prismarine Shard	1.0	64.0	64	world	[-2506, 23, 2815]
2018	11	28	16	10	45	Mr_Digs	sharonclaws	Prismarine Shard	1.0	64.0	64	world	[-2506, 23, 2815]
2018	11	28	16	10	46	Mr_Digs	sharonclaws	Prismarine Shard	1.0	64.0	64	world	[-2506, 23, 2815]
2018	11	28	16	10	47	Mr_Digs	sharonclaws	Prismarine Shard	1.0	64.0	64	world	[-2506, 23, 2815]
2018	11	28	16	10	47	Mr_Digs	sharonclaws	Prismarine Shard	1.0	64.0	64	world	[-2506, 23, 2815]
2018	11	28	16	10	48	Mr_Digs	sharonclaws	Prismarine Shard	1.0	64.0	64	world	[-2506, 23, 2815]
2018	11	28	16	10	48	Mr_Digs	sharonclaws	Prismarine Shard	1.0	64.0	64	world	[-2506, 23, 2815]
2018	11	28	16	10	49	Mr_Digs	sharonclaws	Prismarine Shard	1.0	64.0	64	world	[-2506, 23, 2815]
2018	11	28	16	10	50	Mr_Digs	sharonclaws	Prismarine Shard	1.0	64.0	64	world	[-2506, 23, 2815]
2018	11	28	16	10	50	Mr_Digs	sharonclaws	Prismarine Shard	1.0	64.0	64	world	[-2506, 23, 2815]
2018	11	28	16	10	51	Mr_Digs	sharonclaws	Prismarine Shard	1.0	64.0	64	world	[-2506, 23, 2815]
2018	11	28	16	10	51	Mr_Digs	sharonclaws	Prismarine Shard	1.0	64.0	64	world	[-2506, 23, 2815]
2018	11	28	16	10	52	Mr_Digs	sharonclaws	Prismarine Shard	1.0	64.0	64	world	[-2506, 23, 2815]
2018	11	28	16	10	53	Mr_Digs	sharonclaws	Prismarine Shard	1.0	64.0	64	world	[-2506, 23, 2815]
2018	11	28	16	10	53	Mr_Digs	sharonclaws	Prismarine Shard	1.0	64.0	64	world	[-2506, 23, 2815]
2018	11	28	16	10	54	Mr_Digs	sharonclaws	Prismarine Shard	1.0	64.0	64	world	[-2506, 23, 2815]
2018	11	28	16	10	54	Mr_Digs	sharonclaws	Prismarine Shard	1.0	64.0	64	world	[-2506, 23, 2815]
2018	11	28	16	10	55	Mr_Digs	sharonclaws	Prismarine Shard	1.0	64.0	64	world	[-2506, 23, 2815]
2018	11	28	16	10	56	Mr_Digs	sharonclaws	Prismarine Shard	1.0	64.0	64	world	[-2506, 23, 2815]
2018	11	28	16	10	56	Mr_Digs	sharonclaws	Prismarine Shard	1.0	64.0	64	world	[-2506, 23, 2815]
2018	11	28	16	10	57	Mr_Digs	sharonclaws	Prismarine Shard	1.0	64.0	64	world	[-2506, 23, 2815]
2018	11	28	16	10	57	Mr_Digs	sharonclaws	Prismarine Shard	1.0	64.0	64	world	[-2506, 23, 2815]
2018	11	28	16	10	58	Mr_Digs	sharonclaws	Prismarine Shard	1.0	64.0	64	world	[-2506, 23, 2815]
2018	11	28	16	10	59	Mr_Digs	sharonclaws	Prismarine Shard	1.0	64.0	64	world	[-2506, 23, 2815]
2018	11	28	16	10	59	Mr_Digs	sharonclaws	Prismarine Shard	1.0	64.0	64	world	[-2506, 23, 2815]
2018	11	28	16	11	00	Mr_Digs	sharonclaws	Prismarine Shard	1.0	60.0	60	world	[-2506, 23, 2815]
2018	11	28	16	11	15	Mr_Digs	sharonclaws	Prismarine Shard	1.0	64.0	64	world	[-2506, 23, 2815]
2018	11	28	16	11	15	Mr_Digs	sharonclaws	Prismarine Shard	1.0	64.0	64	world	[-2506, 23, 2815]
2018	11	28	16	11	16	Mr_Digs	sharonclaws	Prismarine Shard	1.0	64.0	64	world	[-2506, 23, 2815]
2018	11	28	16	11	16	Mr_Digs	sharonclaws	Prismarine Shard	1.0	64.0	64	world	[-2506, 23, 2815]
2018	11	28	16	11	17	Mr_Digs	sharonclaws	Prismarine Shard	1.0	64.0	64	world	[-2506, 23, 2815]
2018	11	28	16	11	18	Mr_Digs	sharonclaws	Prismarine Shard	1.0	64.0	64	world	[-2506, 23, 2815]
2018	11	28	16	11	18	Mr_Digs	sharonclaws	Prismarine Shard	1.0	64.0	64	world	[-2506, 23, 2815]
2018	11	28	16	11	19	Mr_Digs	sharonclaws	Prismarine Shard	1.0	64.0	64	world	[-2506, 23, 2815]
2018	11	28	16	11	19	Mr_Digs	sharonclaws	Prismarine Shard	1.0	64.0	64	world	[-2506, 23, 2815]
2018	11	28	16	11	20	Mr_Digs	sharonclaws	Prismarine Shard	1.0	64.0	64	world	[-2506, 23, 2815]
2018	11	28	16	11	21	Mr_Digs	sharonclaws	Prismarine Shard	1.0	64.0	64	world	[-2506, 23, 2815]
2018	11	28	16	11	21	Mr_Digs	sharonclaws	Prismarine Shard	1.0	64.0	64	world	[-2506, 23, 2815]
2018	11	28	16	11	22	Mr_Digs	sharonclaws	Prismarine Shard	1.0	64.0	64	world	[-2506, 23, 2815]
2018	11	28	16	11	22	Mr_Digs	sharonclaws	Prismarine Shard	1.0	10.0	10	world	[-2506, 23, 2815]
2018	11	28	16	11	23	Mr_Digs	sharonclaws	Prismarine Shard	1.0	2.0	2	world	[-2506, 23, 2815]
2018	11	28	16	11	24	Mr_Digs	sharonclaws	Prismarine Shard	1.0	1.0	1	world	[-2506, 23, 2815]
2018	11	28	16	11	24	Mr_Digs	sharonclaws	Prismarine Shard	1.0	2.0	2	world	[-2506, 23, 2815]
2018	11	28	16	11	25	Mr_Digs	sharonclaws	Prismarine Shard	1.0	1.0	1	world	[-2506, 23, 2815]
2018	11	28	16	11	25	Mr_Digs	sharonclaws	Prismarine Shard	1.0	2.0	2	world	[-2506, 23, 2815]
2018	11	28	16	11	26	Mr_Digs	Cardano_ff	Prismarine Shard	1.0	64.0	64	world	[-2507, 23, 2815]
2018	11	28	16	11	27	Mr_Digs	Cardano_ff	Prismarine Shard	1.0	64.0	64	world	[-2507, 23, 2815]
2018	11	28	16	11	27	Mr_Digs	Cardano_ff	Prismarine Shard	1.0	64.0	64	world	[-2507, 23, 2815]
2018	11	28	16	11	28	Mr_Digs	Cardano_ff	Prismarine Shard	1.0	64.0	64	world	[-2507, 23, 2815]
2018	11	28	16	11	28	Mr_Digs	Cardano_ff	Prismarine Shard	1.0	64.0	64	world	[-2507, 23, 2815]
2018	11	28	16	11	29	Mr_Digs	Cardano_ff	Prismarine Shard	1.0	64.0	64	world	[-2507, 23, 2815]
2018	11	28	16	11	30	Mr_Digs	Cardano_ff	Prismarine Shard	1.0	64.0	64	world	[-2507, 23, 2815]
2018	11	28	16	11	30	Mr_Digs	Cardano_ff	Prismarine Shard	1.0	64.0	64	world	[-2507, 23, 2815]
2018	11	28	16	11	31	Mr_Digs	Cardano_ff	Prismarine Shard	1.0	64.0	64	world	[-2507, 23, 2815]
2018	11	28	16	11	31	Mr_Digs	Cardano_ff	Prismarine Shard	1.0	64.0	64	world	[-2507, 23, 2815]
2018	11	28	16	11	32	Mr_Digs	Cardano_ff	Prismarine Shard	1.0	46.0	46	world	[-2507, 23, 2815]
2018	11	28	16	11	43	Mr_Digs	Cardano_ff	Prismarine Shard	1.0	64.0	64	world	[-2507, 23, 2815]
2018	11	28	16	11	44	Mr_Digs	Cardano_ff	Prismarine Shard	1.0	64.0	64	world	[-2507, 23, 2815]
2018	11	28	16	11	45	Mr_Digs	Cardano_ff	Prismarine Shard	1.0	64.0	64	world	[-2507, 23, 2815]
2018	11	28	16	11	45	Mr_Digs	Cardano_ff	Prismarine Shard	1.0	64.0	64	world	[-2507, 23, 2815]
2018	11	28	16	11	46	Mr_Digs	Cardano_ff	Prismarine Shard	1.0	64.0	64	world	[-2507, 23, 2815]
2018	11	28	16	11	46	Mr_Digs	Cardano_ff	Prismarine Shard	1.0	64.0	64	world	[-2507, 23, 2815]
2018	11	28	16	11	47	Mr_Digs	Cardano_ff	Prismarine Shard	1.0	64.0	64	world	[-2507, 23, 2815]
2018	11	28	16	11	48	Mr_Digs	Cardano_ff	Prismarine Shard	1.0	64.0	64	world	[-2507, 23, 2815]
2018	11	28	16	11	48	Mr_Digs	Cardano_ff	Prismarine Shard	1.0	64.0	64	world	[-2507, 23, 2815]
2018	11	28	16	11	49	Mr_Digs	Cardano_ff	Prismarine Shard	1.0	64.0	64	world	[-2507, 23, 2815]
2018	11	28	16	11	49	Mr_Digs	Cardano_ff	Prismarine Shard	1.0	64.0	64	world	[-2507, 23, 2815]
2018	11	28	16	11	50	Mr_Digs	Cardano_ff	Prismarine Shard	1.0	64.0	64	world	[-2507, 23, 2815]
2018	11	28	16	11	51	Mr_Digs	Cardano_ff	Prismarine Shard	1.0	64.0	64	world	[-2507, 23, 2815]
2018	11	28	16	11	51	Mr_Digs	Cardano_ff	Prismarine Shard	1.0	64.0	64	world	[-2507, 23, 2815]
2018	11	28	16	11	52	Mr_Digs	Cardano_ff	Prismarine Shard	1.0	64.0	64	world	[-2507, 23, 2815]
2018	11	28	16	11	52	Mr_Digs	Cardano_ff	Prismarine Shard	1.0	64.0	64	world	[-2507, 23, 2815]
2018	11	28	16	11	53	Mr_Digs	Cardano_ff	Prismarine Shard	1.0	64.0	64	world	[-2507, 23, 2815]
2018	11	28	16	11	54	Mr_Digs	Cardano_ff	Prismarine Shard	1.0	64.0	64	world	[-2507, 23, 2815]
2018	11	28	16	11	54	Mr_Digs	Cardano_ff	Prismarine Shard	1.0	64.0	64	world	[-2507, 23, 2815]
2018	11	28	16	11	55	Mr_Digs	Cardano_ff	Prismarine Shard	1.0	64.0	64	world	[-2507, 23, 2815]
2018	11	28	16	11	55	Mr_Digs	Cardano_ff	Prismarine Shard	1.0	64.0	64	world	[-2507, 23, 2815]
2018	11	28	16	11	56	Mr_Digs	Cardano_ff	Prismarine Shard	1.0	58.0	58	world	[-2507, 23, 2815]
2018	11	28	16	12	09	Mr_Digs	sharonclaws	Prismarine Shard	1.0	64.0	64	world	[-2504, 23, 2815]
2018	11	28	16	12	10	Mr_Digs	sharonclaws	Prismarine Shard	1.0	64.0	64	world	[-2504, 23, 2815]
2018	11	28	16	12	10	Mr_Digs	sharonclaws	Prismarine Shard	1.0	64.0	64	world	[-2504, 23, 2815]
2018	11	28	16	12	11	Mr_Digs	sharonclaws	Prismarine Shard	1.0	64.0	64	world	[-2504, 23, 2815]
2018	11	28	16	12	11	Mr_Digs	sharonclaws	Prismarine Shard	1.0	64.0	64	world	[-2504, 23, 2815]
2018	11	28	16	12	12	Mr_Digs	sharonclaws	Prismarine Shard	1.0	64.0	64	world	[-2504, 23, 2815]
2018	11	28	16	12	13	Mr_Digs	sharonclaws	Prismarine Shard	1.0	64.0	64	world	[-2504, 23, 2815]
2018	11	28	16	12	13	Mr_Digs	sharonclaws	Prismarine Shard	1.0	64.0	64	world	[-2504, 23, 2815]
2018	11	28	16	12	14	Mr_Digs	sharonclaws	Prismarine Shard	1.0	64.0	64	world	[-2504, 23, 2815]
2018	11	28	16	12	14	Mr_Digs	sharonclaws	Prismarine Shard	1.0	47.0	47	world	[-2504, 23, 2815]
2018	11	28	16	12	15	Mr_Digs	sharonclaws	Prismarine Shard	1.0	2.0	2	world	[-2504, 23, 2815]
2018	11	28	16	12	15	Mr_Digs	sharonclaws	Prismarine Shard	1.0	1.0	1	world	[-2504, 23, 2815]
2018	11	28	16	12	16	Mr_Digs	sharonclaws	Prismarine Shard	1.0	2.0	2	world	[-2504, 23, 2815]
2018	11	28	16	12	17	Mr_Digs	sharonclaws	Prismarine Shard	1.0	64.0	64	world	[-2505, 23, 2815]
2018	11	28	16	12	17	Mr_Digs	sharonclaws	Prismarine Shard	1.0	64.0	64	world	[-2505, 23, 2815]
2018	11	28	16	12	18	Mr_Digs	sharonclaws	Prismarine Shard	1.0	64.0	64	world	[-2505, 23, 2815]
2018	11	28	16	12	18	Mr_Digs	sharonclaws	Prismarine Shard	1.0	64.0	64	world	[-2505, 23, 2815]
2018	11	28	16	12	19	Mr_Digs	sharonclaws	Prismarine Shard	1.0	41.0	41	world	[-2505, 23, 2815]
2018	11	28	16	12	20	Mr_Digs	sharonclaws	Prismarine Shard	1.0	1.0	1	world	[-2505, 23, 2815]
2018	11	28	16	12	20	Mr_Digs	sharonclaws	Prismarine Shard	1.0	2.0	2	world	[-2505, 23, 2815]
2018	11	28	16	12	21	Mr_Digs	sharonclaws	Prismarine Shard	1.0	1.0	1	world	[-2505, 23, 2815]
2018	11	28	16	12	21	Mr_Digs	sharonclaws	Prismarine Shard	1.0	64.0	64	world	[-2506, 23, 2815]
2018	11	28	16	12	22	Mr_Digs	sharonclaws	Prismarine Shard	1.0	64.0	64	world	[-2506, 23, 2815]
2018	11	28	16	12	23	Mr_Digs	sharonclaws	Prismarine Shard	1.0	14.0	14	world	[-2506, 23, 2815]
2018	11	28	16	12	23	Mr_Digs	sharonclaws	Prismarine Shard	1.0	1.0	1	world	[-2506, 23, 2815]
2018	11	28	16	12	24	Mr_Digs	Cardano_ff	Prismarine Shard	1.0	64.0	64	world	[-2507, 23, 2815]
2018	11	28	16	12	24	Mr_Digs	Cardano_ff	Prismarine Shard	1.0	64.0	64	world	[-2507, 23, 2815]
2018	11	28	16	12	25	Mr_Digs	Cardano_ff	Prismarine Shard	1.0	12.0	12	world	[-2507, 23, 2815]
2018	11	28	16	12	55	Mr_Digs	sharonclaws	Prismarine Shard	1.0	45.0	45	world	[-2504, 23, 2815]
2018	11	28	16	12	56	Mr_Digs	sharonclaws	Prismarine Shard	1.0	64.0	64	world	[-2505, 23, 2815]
2018	11	28	16	12	57	Mr_Digs	sharonclaws	Prismarine Shard	1.0	25.0	25	world	[-2505, 23, 2815]
2018	11	28	16	12	57	Mr_Digs	sharonclaws	Prismarine Shard	1.0	2.0	2	world	[-2505, 23, 2815]
2018	11	28	16	12	58	Mr_Digs	sharonclaws	Prismarine Shard	1.0	1.0	1	world	[-2505, 23, 2815]
2018	11	28	16	12	59	Mr_Digs	sharonclaws	Prismarine Shard	1.0	2.0	2	world	[-2505, 23, 2815]
2018	11	28	16	12	59	Mr_Digs	sharonclaws	Prismarine Shard	1.0	1.0	1	world	[-2505, 23, 2815]
2018	11	28	16	13	00	Mr_Digs	sharonclaws	Prismarine Shard	1.0	64.0	64	world	[-2506, 23, 2815]
2018	11	28	16	13	00	Mr_Digs	sharonclaws	Prismarine Shard	1.0	28.0	28	world	[-2506, 23, 2815]
2018	11	28	16	13	01	Mr_Digs	sharonclaws	Prismarine Shard	1.0	2.0	2	world	[-2506, 23, 2815]
2018	11	28	16	13	01	Mr_Digs	sharonclaws	Prismarine Shard	1.0	1.0	1	world	[-2506, 23, 2815]
2018	11	28	16	13	02	Mr_Digs	Cardano_ff	Prismarine Shard	1.0	64.0	64	world	[-2507, 23, 2815]
2018	11	28	16	13	03	Mr_Digs	Cardano_ff	Prismarine Shard	1.0	64.0	64	world	[-2507, 23, 2815]
2018	11	28	16	13	03	Mr_Digs	Cardano_ff	Prismarine Shard	1.0	64.0	64	world	[-2507, 23, 2815]
2018	11	28	16	13	04	Mr_Digs	Cardano_ff	Prismarine Shard	1.0	64.0	64	world	[-2507, 23, 2815]
2018	11	28	16	13	04	Mr_Digs	Cardano_ff	Prismarine Shard	1.0	64.0	64	world	[-2507, 23, 2815]
2018	11	28	16	13	05	Mr_Digs	Cardano_ff	Prismarine Shard	1.0	64.0	64	world	[-2507, 23, 2815]
2018	11	28	16	13	06	Mr_Digs	Cardano_ff	Prismarine Shard	1.0	64.0	64	world	[-2507, 23, 2815]
2018	11	28	16	13	06	Mr_Digs	Cardano_ff	Prismarine Shard	1.0	64.0	64	world	[-2507, 23, 2815]
2018	11	28	16	13	07	Mr_Digs	Cardano_ff	Prismarine Shard	1.0	64.0	64	world	[-2507, 23, 2815]
2018	11	28	16	13	08	Mr_Digs	Cardano_ff	Prismarine Shard	1.0	64.0	64	world	[-2507, 23, 2815]
2018	11	28	16	13	08	Mr_Digs	Cardano_ff	Prismarine Shard	1.0	64.0	64	world	[-2507, 23, 2815]
2018	11	28	16	13	09	Mr_Digs	Cardano_ff	Prismarine Shard	1.0	64.0	64	world	[-2507, 23, 2815]
2018	11	28	16	13	09	Mr_Digs	Cardano_ff	Prismarine Shard	1.0	64.0	64	world	[-2507, 23, 2815]
2018	11	28	16	13	10	Mr_Digs	Cardano_ff	Prismarine Shard	1.0	20.0	20	world	[-2507, 23, 2815]
2018	11	28	16	13	22	Mr_Digs	Cardano_ff	Prismarine Shard	1.0	64.0	64	world	[-2507, 23, 2815]
2018	11	28	16	13	23	Mr_Digs	Cardano_ff	Prismarine Shard	1.0	64.0	64	world	[-2507, 23, 2815]
2018	11	28	16	13	23	Mr_Digs	Cardano_ff	Prismarine Shard	1.0	64.0	64	world	[-2507, 23, 2815]
2018	11	28	16	13	24	Mr_Digs	Cardano_ff	Prismarine Shard	1.0	64.0	64	world	[-2507, 23, 2815]
2018	11	28	16	13	24	Mr_Digs	Cardano_ff	Prismarine Shard	1.0	64.0	64	world	[-2507, 23, 2815]
2018	11	28	16	13	25	Mr_Digs	Cardano_ff	Prismarine Shard	1.0	64.0	64	world	[-2507, 23, 2815]
2018	11	28	16	13	26	Mr_Digs	Cardano_ff	Prismarine Shard	1.0	64.0	64	world	[-2507, 23, 2815]
2018	11	28	16	13	26	Mr_Digs	Cardano_ff	Prismarine Shard	1.0	64.0	64	world	[-2507, 23, 2815]
2018	11	28	16	13	27	Mr_Digs	Cardano_ff	Prismarine Shard	1.0	64.0	64	world	[-2507, 23, 2815]
2018	11	28	16	13	27	Mr_Digs	Cardano_ff	Prismarine Shard	1.0	64.0	64	world	[-2507, 23, 2815]
2018	11	28	16	13	28	Mr_Digs	Cardano_ff	Prismarine Shard	1.0	39.0	39	world	[-2507, 23, 2815]
2018	11	28	16	13	29	Mr_Digs	Cardano_ff	Prismarine Shard	1.0	1.0	1	world	[-2507, 23, 2815]
2018	11	28	16	13	29	Mr_Digs	Cardano_ff	Prismarine Shard	1.0	2.0	2	world	[-2507, 23, 2815]
2018	11	28	16	13	30	Mr_Digs	Cardano_ff	Prismarine Shard	1.0	1.0	1	world	[-2507, 23, 2815]
2018	11	28	16	13	30	Mr_Digs	Cardano_ff	Prismarine Shard	1.0	1.0	1	world	[-2507, 23, 2815]
2018	11	28	16	13	31	Mr_Digs	sharonclaws	Prismarine Shard	1.0	64.0	64	world	[-2506, 23, 2815]
2018	11	28	16	13	32	Mr_Digs	sharonclaws	Prismarine Shard	1.0	64.0	64	world	[-2505, 23, 2815]
2018	11	28	16	13	32	Mr_Digs	sharonclaws	Prismarine Shard	1.0	19.0	19	world	[-2505, 23, 2815]
2018	11	28	16	13	33	Mr_Digs	sharonclaws	Prismarine Shard	1.0	16.0	16	world	[-2506, 23, 2815]
2018	11	28	16	13	34	Mr_Digs	sharonclaws	Prismarine Shard	1.0	4.0	4	world	[-2505, 23, 2815]
2018	11	28	16	13	35	Mr_Digs	sharonclaws	Prismarine Shard	1.0	3.0	3	world	[-2506, 23, 2815]
2018	11	28	16	13	45	Mr_Digs	sharonclaws	Prismarine Shard	1.0	28.0	28	world	[-2505, 23, 2815]
2018	11	28	16	13	46	Mr_Digs	sharonclaws	Prismarine Shard	1.0	29.0	29	world	[-2506, 23, 2815]
2018	11	28	16	13	47	Mr_Digs	Cardano_ff	Prismarine Shard	1.0	42.0	42	world	[-2507, 23, 2815]
2018	11	28	16	13	47	Mr_Digs	sharonclaws	Prismarine Shard	1.0	6.0	6	world	[-2505, 23, 2815]
2018	11	28	16	13	48	Mr_Digs	sharonclaws	Prismarine Shard	1.0	1.0	1	world	[-2505, 23, 2815]
2018	11	28	16	13	49	Mr_Digs	sharonclaws	Prismarine Shard	1.0	6.0	6	world	[-2506, 23, 2815]
2018	11	28	16	13	49	Mr_Digs	Cardano_ff	Prismarine Shard	1.0	6.0	6	world	[-2507, 23, 2815]
2018	11	28	16	13	50	Mr_Digs	sharonclaws	Prismarine Shard	1.0	5.0	5	world	[-2505, 23, 2815]
2018	11	28	16	15	08	Mr_Digs	Cardano_ff	Prismarine Shard	1.0	64.0	64	world	[-2507, 23, 2815]
2018	11	28	16	15	09	Mr_Digs	Cardano_ff	Prismarine Shard	1.0	56.0	56	world	[-2507, 23, 2815]
2018	11	28	16	15	10	Mr_Digs	Cardano_ff	Prismarine Shard	1.0	1.0	1	world	[-2507, 23, 2815]
2018	11	28	16	15	11	Mr_Digs	sharonclaws	Prismarine Shard	1.0	64.0	64	world	[-2506, 23, 2815]
2018	11	28	16	15	12	Mr_Digs	sharonclaws	Prismarine Shard	1.0	64.0	64	world	[-2506, 23, 2815]
2018	11	28	16	15	13	Mr_Digs	sharonclaws	Prismarine Shard	1.0	64.0	64	world	[-2506, 23, 2815]
2018	11	28	16	15	13	Mr_Digs	sharonclaws	Prismarine Shard	1.0	18.0	18	world	[-2506, 23, 2815]
2018	11	28	16	15	14	Mr_Digs	sharonclaws	Prismarine Shard	1.0	2.0	2	world	[-2506, 23, 2815]
2018	11	28	16	15	14	Mr_Digs	sharonclaws	Prismarine Shard	1.0	64.0	64	world	[-2505, 23, 2815]
2018	11	28	16	15	15	Mr_Digs	sharonclaws	Prismarine Shard	1.0	64.0	64	world	[-2505, 23, 2815]
2018	11	28	16	15	16	Mr_Digs	sharonclaws	Prismarine Shard	1.0	64.0	64	world	[-2505, 23, 2815]
2018	11	28	16	15	16	Mr_Digs	sharonclaws	Prismarine Shard	1.0	23.0	23	world	[-2505, 23, 2815]
2018	11	28	16	15	17	Mr_Digs	sharonclaws	Prismarine Shard	1.0	1.0	1	world	[-2505, 23, 2815]
2018	11	28	16	15	17	Mr_Digs	sharonclaws	Prismarine Shard	1.0	2.0	2	world	[-2505, 23, 2815]
2018	11	28	16	15	18	Mr_Digs	sharonclaws	Prismarine Shard	1.0	7.0	7	world	[-2504, 23, 2815]
2018	11	28	16	17	06	Mr_Digs	Cardano_ff	Prismarine Shard	1.0	64.0	64	world	[-2507, 23, 2815]
2018	11	28	16	17	07	Mr_Digs	Cardano_ff	Prismarine Shard	1.0	21.0	21	world	[-2507, 23, 2815]
2018	11	28	16	17	08	Mr_Digs	Cardano_ff	Prismarine Shard	1.0	1.0	1	world	[-2507, 23, 2815]
2018	11	28	16	17	08	Mr_Digs	Cardano_ff	Prismarine Shard	1.0	2.0	2	world	[-2507, 23, 2815]
2018	11	28	16	17	09	Mr_Digs	sharonclaws	Prismarine Shard	1.0	64.0	64	world	[-2506, 23, 2815]
2018	11	28	16	17	09	Mr_Digs	sharonclaws	Prismarine Shard	1.0	64.0	64	world	[-2506, 23, 2815]
2018	11	28	16	17	10	Mr_Digs	sharonclaws	Prismarine Shard	1.0	35.0	35	world	[-2506, 23, 2815]
2018	11	28	16	17	11	Mr_Digs	sharonclaws	Prismarine Shard	1.0	1.0	1	world	[-2506, 23, 2815]
2018	11	28	16	17	11	Mr_Digs	sharonclaws	Prismarine Shard	1.0	2.0	2	world	[-2506, 23, 2815]
2018	11	28	16	17	12	Mr_Digs	sharonclaws	Prismarine Shard	1.0	64.0	64	world	[-2505, 23, 2815]
2018	11	28	16	17	12	Mr_Digs	sharonclaws	Prismarine Shard	1.0	64.0	64	world	[-2505, 23, 2815]
2018	11	28	16	17	13	Mr_Digs	sharonclaws	Prismarine Shard	1.0	33.0	33	world	[-2505, 23, 2815]
2018	11	28	16	17	14	Mr_Digs	sharonclaws	Prismarine Shard	1.0	2.0	2	world	[-2505, 23, 2815]
2018	11	28	16	17	14	Mr_Digs	sharonclaws	Prismarine Shard	1.0	1.0	1	world	[-2505, 23, 2815]
2018	11	28	16	17	35	Mr_Digs	Cardano_ff	Prismarine Shard	1.0	29.0	29	world	[-2507, 23, 2815]
2018	11	28	16	17	36	Mr_Digs	sharonclaws	Prismarine Shard	1.0	62.0	62	world	[-2506, 23, 2815]
2018	11	28	16	17	37	Mr_Digs	sharonclaws	Prismarine Shard	1.0	3.0	3	world	[-2506, 23, 2815]
2018	11	28	16	17	38	Mr_Digs	sharonclaws	Prismarine Shard	1.0	2.0	2	world	[-2506, 23, 2815]
2018	11	28	16	17	39	Mr_Digs	sharonclaws	Prismarine Shard	1.0	1.0	1	world	[-2506, 23, 2815]
2018	11	28	16	17	40	Mr_Digs	sharonclaws	Prismarine Shard	1.0	64.0	64	world	[-2505, 23, 2815]
2018	11	28	16	17	40	Mr_Digs	sharonclaws	Prismarine Shard	1.0	5.0	5	world	[-2506, 23, 2815]
2018	11	28	16	17	42	Mr_Digs	sharonclaws	Prismarine Shard	1.0	3.0	3	world	[-2506, 23, 2815]
2018	11	28	16	17	42	Mr_Digs	sharonclaws	Prismarine Shard	1.0	6.0	6	world	[-2505, 23, 2815]
2018	11	28	16	17	43	Mr_Digs	sharonclaws	Prismarine Shard	1.0	2.0	2	world	[-2505, 23, 2815]
2018	11	28	16	17	43	Mr_Digs	sharonclaws	Prismarine Shard	1.0	1.0	1	world	[-2505, 23, 2815]
2018	11	28	16	17	45	Mr_Digs	sharonclaws	Prismarine Shard	1.0	7.0	7	world	[-2506, 23, 2815]
2018	11	28	16	17	45	Mr_Digs	Cardano_ff	Prismarine Shard	1.0	5.0	5	world	[-2507, 23, 2815]
2018	11	28	16	17	46	Mr_Digs	Cardano_ff	Prismarine Shard	1.0	2.0	2	world	[-2507, 23, 2815]
2018	11	28	16	17	46	Mr_Digs	Cardano_ff	Prismarine Shard	1.0	1.0	1	world	[-2507, 23, 2815]
2018	11	28	16	17	47	Mr_Digs	Cardano_ff	Prismarine Shard	1.0	2.0	2	world	[-2507, 23, 2815]
2018	11	28	16	19	18	Mr_Digs	sharonclaws	Prismarine Shard	1.0	64.0	64	world	[-2505, 23, 2815]
2018	11	28	16	19	19	Mr_Digs	sharonclaws	Prismarine Shard	1.0	64.0	64	world	[-2505, 23, 2815]
2018	11	28	16	19	19	Mr_Digs	sharonclaws	Prismarine Shard	1.0	64.0	64	world	[-2505, 23, 2815]
2018	11	28	16	19	20	Mr_Digs	sharonclaws	Prismarine Shard	1.0	49.0	49	world	[-2505, 23, 2815]
2018	11	28	16	19	20	Mr_Digs	sharonclaws	Prismarine Shard	1.0	1.0	1	world	[-2505, 23, 2815]
2018	11	28	16	19	21	Mr_Digs	sharonclaws	Prismarine Shard	1.0	64.0	64	world	[-2506, 23, 2815]
2018	11	28	16	19	22	Mr_Digs	sharonclaws	Prismarine Shard	1.0	64.0	64	world	[-2506, 23, 2815]
2018	11	28	16	19	22	Mr_Digs	sharonclaws	Prismarine Shard	1.0	64.0	64	world	[-2506, 23, 2815]
2018	11	28	16	19	23	Mr_Digs	sharonclaws	Prismarine Shard	1.0	53.0	53	world	[-2506, 23, 2815]
2018	11	28	16	19	23	Mr_Digs	sharonclaws	Prismarine Shard	1.0	1.0	1	world	[-2506, 23, 2815]
2018	11	28	16	19	24	Mr_Digs	sharonclaws	Prismarine Shard	1.0	2.0	2	world	[-2506, 23, 2815]
2018	11	28	16	19	25	Mr_Digs	Cardano_ff	Prismarine Shard	1.0	64.0	64	world	[-2507, 23, 2815]
2018	11	28	16	19	25	Mr_Digs	Cardano_ff	Prismarine Shard	1.0	64.0	64	world	[-2507, 23, 2815]
2018	11	28	16	19	26	Mr_Digs	Cardano_ff	Prismarine Shard	1.0	11.0	11	world	[-2507, 23, 2815]
2018	11	28	20	32	15	freakdown	sharonclaws	Prismarine Shard	1.0	64.0	64	world	[-2505, 23, 2815]
2018	11	28	20	32	16	freakdown	sharonclaws	Prismarine Shard	1.0	64.0	64	world	[-2506, 23, 2815]
2018	11	28	20	32	17	freakdown	sharonclaws	Prismarine Shard	1.0	64.0	64	world	[-2505, 23, 2815]
2018	11	28	20	32	17	freakdown	sharonclaws	Prismarine Shard	1.0	35.0	35	world	[-2505, 23, 2815]
2018	11	28	20	32	21	freakdown	sharonclaws	Prismarine Shard	1.0	64.0	64	world	[-2506, 23, 2815]
2018	11	28	20	32	21	freakdown	sharonclaws	Prismarine Shard	1.0	64.0	64	world	[-2506, 23, 2815]
2018	11	28	20	32	22	freakdown	sharonclaws	Prismarine Shard	1.0	64.0	64	world	[-2506, 23, 2815]
2018	11	28	20	32	22	freakdown	sharonclaws	Prismarine Shard	1.0	64.0	64	world	[-2506, 23, 2815]
2018	11	28	20	32	23	freakdown	sharonclaws	Prismarine Shard	1.0	64.0	64	world	[-2506, 23, 2815]
2018	11	28	20	32	24	freakdown	sharonclaws	Prismarine Shard	1.0	64.0	64	world	[-2506, 23, 2815]
2018	11	28	20	32	24	freakdown	sharonclaws	Prismarine Shard	1.0	64.0	64	world	[-2506, 23, 2815]
2018	11	28	20	32	25	freakdown	sharonclaws	Prismarine Shard	1.0	13.0	13	world	[-2506, 23, 2815]
2018	11	28	20	32	26	freakdown	sharonclaws	Prismarine Shard	1.0	2.0	2	world	[-2506, 23, 2815]
2018	11	28	20	32	26	freakdown	sharonclaws	Prismarine Shard	1.0	1.0	1	world	[-2506, 23, 2815]
2018	11	28	20	32	27	freakdown	sharonclaws	Prismarine Shard	1.0	2.0	2	world	[-2506, 23, 2815]
2018	11	28	20	32	28	freakdown	Cardano_ff	Prismarine Shard	1.0	64.0	64	world	[-2507, 23, 2815]
2018	11	28	20	32	28	freakdown	Cardano_ff	Prismarine Shard	1.0	64.0	64	world	[-2507, 23, 2815]
2018	11	28	20	32	29	freakdown	Cardano_ff	Prismarine Shard	1.0	64.0	64	world	[-2507, 23, 2815]
2018	11	28	20	32	29	freakdown	Cardano_ff	Prismarine Shard	1.0	7.0	7	world	[-2507, 23, 2815]
2018	11	28	20	32	30	freakdown	Cardano_ff	Prismarine Shard	1.0	1.0	1	world	[-2507, 23, 2815]
2018	11	28	20	32	31	freakdown	Cardano_ff	Prismarine Shard	1.0	2.0	2	world	[-2507, 23, 2815]
2018	11	28	20	45	55	freakdown	Cardano_ff	Prismarine Shard	1.0	64.0	64	world	[-2507, 23, 2815]
2018	11	28	20	45	56	freakdown	Cardano_ff	Prismarine Shard	1.0	64.0	64	world	[-2507, 23, 2815]
2018	11	28	20	45	57	freakdown	Cardano_ff	Prismarine Shard	1.0	64.0	64	world	[-2507, 23, 2815]
2018	11	28	20	45	57	freakdown	Cardano_ff	Prismarine Shard	1.0	64.0	64	world	[-2507, 23, 2815]
2018	11	28	20	45	58	freakdown	Cardano_ff	Prismarine Shard	1.0	64.0	64	world	[-2507, 23, 2815]
2018	11	28	20	45	59	freakdown	Cardano_ff	Prismarine Shard	1.0	64.0	64	world	[-2507, 23, 2815]
2018	11	28	20	45	59	freakdown	Cardano_ff	Prismarine Shard	1.0	64.0	64	world	[-2507, 23, 2815]
2018	11	28	20	46	00	freakdown	Cardano_ff	Prismarine Shard	1.0	64.0	64	world	[-2507, 23, 2815]
2018	11	28	20	46	01	freakdown	Cardano_ff	Prismarine Shard	1.0	64.0	64	world	[-2507, 23, 2815]
2018	11	28	20	46	01	freakdown	Cardano_ff	Prismarine Shard	1.0	64.0	64	world	[-2507, 23, 2815]
2018	11	28	20	46	02	freakdown	Cardano_ff	Prismarine Shard	1.0	56.0	56	world	[-2507, 23, 2815]
2018	11	28	20	46	05	freakdown	sharonclaws	Prismarine Shard	1.0	64.0	64	world	[-2506, 23, 2815]
2018	11	28	20	46	06	freakdown	sharonclaws	Prismarine Shard	1.0	51.0	51	world	[-2506, 23, 2815]
2018	11	28	20	46	10	freakdown	Cardano_ff	Prismarine Shard	1.0	6.0	6	world	[-2507, 23, 2815]
2018	11	28	20	53	52	freakdown	Cardano_ff	Prismarine Shard	1.0	64.0	64	world	[-2507, 23, 2815]
2018	11	28	20	53	53	freakdown	Cardano_ff	Prismarine Shard	1.0	64.0	64	world	[-2507, 23, 2815]
2018	11	28	20	53	53	freakdown	Cardano_ff	Prismarine Shard	1.0	64.0	64	world	[-2507, 23, 2815]
2018	11	28	20	53	54	freakdown	Cardano_ff	Prismarine Shard	1.0	64.0	64	world	[-2507, 23, 2815]
2018	11	28	20	53	54	freakdown	Cardano_ff	Prismarine Shard	1.0	64.0	64	world	[-2507, 23, 2815]
2018	11	28	20	53	55	freakdown	Cardano_ff	Prismarine Shard	1.0	64.0	64	world	[-2507, 23, 2815]
2018	11	28	20	53	55	freakdown	Cardano_ff	Prismarine Shard	1.0	64.0	64	world	[-2507, 23, 2815]
2018	11	28	20	53	56	freakdown	Cardano_ff	Prismarine Shard	1.0	39.0	39	world	[-2507, 23, 2815]
2018	11	28	20	53	58	freakdown	sharonclaws	Prismarine Shard	1.0	34.0	34	world	[-2506, 23, 2815]
2018	11	29	00	45	50	freakdown	Cardano_ff	Prismarine Shard	1.0	64.0	64	world	[-2507, 23, 2815]
2018	11	29	00	45	51	freakdown	Cardano_ff	Prismarine Shard	1.0	64.0	64	world	[-2507, 23, 2815]
2018	11	29	00	45	52	freakdown	Cardano_ff	Prismarine Shard	1.0	64.0	64	world	[-2507, 23, 2815]
2018	11	29	00	45	52	freakdown	Cardano_ff	Prismarine Shard	1.0	64.0	64	world	[-2507, 23, 2815]
2018	11	29	00	45	53	freakdown	Cardano_ff	Prismarine Shard	1.0	64.0	64	world	[-2507, 23, 2815]
2018	11	29	00	45	53	freakdown	Cardano_ff	Prismarine Shard	1.0	64.0	64	world	[-2507, 23, 2815]
2018	11	29	00	45	54	freakdown	Cardano_ff	Prismarine Shard	1.0	64.0	64	world	[-2507, 23, 2815]
2018	11	29	00	45	55	freakdown	Cardano_ff	Prismarine Shard	1.0	64.0	64	world	[-2507, 23, 2815]
2018	11	29	00	47	44	freakdown	Cardano_ff	Prismarine Shard	1.0	64.0	64	world	[-2507, 23, 2815]
2018	11	29	00	47	45	freakdown	Cardano_ff	Prismarine Shard	1.0	64.0	64	world	[-2507, 23, 2815]
2018	11	29	00	47	45	freakdown	Cardano_ff	Prismarine Shard	1.0	64.0	64	world	[-2507, 23, 2815]
2018	11	29	00	47	46	freakdown	Cardano_ff	Prismarine Shard	1.0	64.0	64	world	[-2507, 23, 2815]
2018	11	29	00	47	47	freakdown	Cardano_ff	Prismarine Shard	1.0	64.0	64	world	[-2507, 23, 2815]
2018	11	29	00	47	47	freakdown	Cardano_ff	Prismarine Shard	1.0	64.0	64	world	[-2507, 23, 2815]
2018	11	29	00	47	48	freakdown	Cardano_ff	Prismarine Shard	1.0	64.0	64	world	[-2507, 23, 2815]
2018	11	29	02	56	43	freakdown	Cardano_ff	Prismarine Shard	1.0	53.0	53	world	[-2507, 23, 2815]
2018	11	29	02	56	43	freakdown	Cardano_ff	Prismarine Shard	1.0	1.0	1	world	[-2507, 23, 2815]
2018	11	29	02	56	44	freakdown	Cardano_ff	Prismarine Shard	1.0	2.0	2	world	[-2507, 23, 2815]
2018	11	29	02	56	46	freakdown	sharonclaws	Prismarine Shard	1.0	64.0	64	world	[-2506, 23, 2815]
2018	11	29	02	56	47	freakdown	sharonclaws	Prismarine Shard	1.0	64.0	64	world	[-2506, 23, 2815]
2018	11	29	02	56	47	freakdown	sharonclaws	Prismarine Shard	1.0	64.0	64	world	[-2506, 23, 2815]
2018	11	29	02	56	48	freakdown	sharonclaws	Prismarine Shard	1.0	64.0	64	world	[-2506, 23, 2815]
2018	11	29	02	56	49	freakdown	sharonclaws	Prismarine Shard	1.0	64.0	64	world	[-2506, 23, 2815]
2018	11	29	02	56	49	freakdown	sharonclaws	Prismarine Shard	1.0	64.0	64	world	[-2506, 23, 2815]
2018	11	29	02	56	50	freakdown	sharonclaws	Prismarine Shard	1.0	64.0	64	world	[-2506, 23, 2815]
2018	11	29	02	56	50	freakdown	sharonclaws	Prismarine Shard	1.0	64.0	64	world	[-2506, 23, 2815]
2018	11	29	02	56	51	freakdown	sharonclaws	Prismarine Shard	1.0	64.0	64	world	[-2506, 23, 2815]
2018	11	29	02	56	52	freakdown	sharonclaws	Prismarine Shard	1.0	64.0	64	world	[-2506, 23, 2815]
2018	11	29	02	56	55	freakdown	sharonclaws	Prismarine Shard	1.0	8.0	8	world	[-2506, 23, 2815]
2018	11	29	02	57	34	freakdown	sharonclaws	Prismarine Shard	1.0	64.0	64	world	[-2505, 23, 2815]
2018	11	29	02	57	34	freakdown	sharonclaws	Prismarine Shard	1.0	64.0	64	world	[-2505, 23, 2815]
2018	11	29	02	57	35	freakdown	sharonclaws	Prismarine Shard	1.0	64.0	64	world	[-2505, 23, 2815]
2018	11	29	02	57	36	freakdown	sharonclaws	Prismarine Shard	1.0	64.0	64	world	[-2505, 23, 2815]
2018	11	29	02	57	36	freakdown	sharonclaws	Prismarine Shard	1.0	64.0	64	world	[-2505, 23, 2815]
2018	11	29	02	57	37	freakdown	sharonclaws	Prismarine Shard	1.0	64.0	64	world	[-2505, 23, 2815]
2018	11	29	02	57	37	freakdown	sharonclaws	Prismarine Shard	1.0	64.0	64	world	[-2505, 23, 2815]
2018	11	29	02	57	38	freakdown	sharonclaws	Prismarine Shard	1.0	64.0	64	world	[-2505, 23, 2815]
2018	11	29	02	57	39	freakdown	sharonclaws	Prismarine Shard	1.0	64.0	64	world	[-2505, 23, 2815]
2018	11	29	02	57	39	freakdown	sharonclaws	Prismarine Shard	1.0	64.0	64	world	[-2505, 23, 2815]
2018	11	29	02	57	40	freakdown	sharonclaws	Prismarine Shard	1.0	64.0	64	world	[-2505, 23, 2815]
2018	11	29	02	57	40	freakdown	sharonclaws	Prismarine Shard	1.0	64.0	64	world	[-2505, 23, 2815]
2018	11	29	02	57	41	freakdown	sharonclaws	Prismarine Shard	1.0	64.0	64	world	[-2505, 23, 2815]
2018	11	29	02	57	42	freakdown	sharonclaws	Prismarine Shard	1.0	64.0	64	world	[-2505, 23, 2815]
2018	11	29	02	57	42	freakdown	sharonclaws	Prismarine Shard	1.0	64.0	64	world	[-2505, 23, 2815]
2018	11	29	02	57	43	freakdown	sharonclaws	Prismarine Shard	1.0	64.0	64	world	[-2505, 23, 2815]
2018	11	29	02	57	56	freakdown	sharonclaws	Prismarine Shard	1.0	64.0	64	world	[-2506, 23, 2815]
2018	11	29	02	57	57	freakdown	sharonclaws	Prismarine Shard	1.0	64.0	64	world	[-2506, 23, 2815]
2018	11	29	02	57	57	freakdown	sharonclaws	Prismarine Shard	1.0	64.0	64	world	[-2506, 23, 2815]
2018	11	29	02	57	58	freakdown	sharonclaws	Prismarine Shard	1.0	64.0	64	world	[-2506, 23, 2815]
2018	11	29	02	57	59	freakdown	sharonclaws	Prismarine Shard	1.0	64.0	64	world	[-2506, 23, 2815]
2018	11	29	02	57	59	freakdown	sharonclaws	Prismarine Shard	1.0	64.0	64	world	[-2506, 23, 2815]
2018	11	29	02	58	00	freakdown	sharonclaws	Prismarine Shard	1.0	64.0	64	world	[-2506, 23, 2815]
2018	11	29	02	58	02	freakdown	sharonclaws	Prismarine Shard	1.0	64.0	64	world	[-2506, 23, 2815]
2018	11	29	02	58	06	freakdown	sharonclaws	Prismarine Shard	1.0	64.0	64	world	[-2506, 23, 2815]
2018	11	29	03	22	31	freakdown	Cardano_ff	Prismarine Shard	1.0	64.0	64	world	[-2507, 23, 2815]
2018	11	29	03	22	32	freakdown	Cardano_ff	Prismarine Shard	1.0	64.0	64	world	[-2507, 23, 2815]
2018	11	29	03	22	33	freakdown	Cardano_ff	Prismarine Shard	1.0	64.0	64	world	[-2507, 23, 2815]
2018	11	29	03	22	33	freakdown	Cardano_ff	Prismarine Shard	1.0	64.0	64	world	[-2507, 23, 2815]
2018	11	29	03	22	34	freakdown	Cardano_ff	Prismarine Shard	1.0	64.0	64	world	[-2507, 23, 2815]
2018	11	29	03	22	35	freakdown	Cardano_ff	Prismarine Shard	1.0	64.0	64	world	[-2507, 23, 2815]
2018	11	29	03	22	38	freakdown	Cardano_ff	Prismarine Shard	1.0	64.0	64	world	[-2507, 23, 2815]
2018	11	29	03	22	39	freakdown	Cardano_ff	Prismarine Shard	1.0	64.0	64	world	[-2507, 23, 2815]
2018	11	29	03	22	40	freakdown	Cardano_ff	Prismarine Shard	1.0	64.0	64	world	[-2507, 23, 2815]
2018	11	29	03	22	46	freakdown	Cardano_ff	Prismarine Shard	1.0	64.0	64	world	[-2507, 23, 2815]
2018	11	29	03	22	46	freakdown	Cardano_ff	Prismarine Shard	1.0	64.0	64	world	[-2507, 23, 2815]
2018	11	29	03	22	47	freakdown	Cardano_ff	Prismarine Shard	1.0	64.0	64	world	[-2507, 23, 2815]
2018	11	29	03	22	48	freakdown	Cardano_ff	Prismarine Shard	1.0	64.0	64	world	[-2507, 23, 2815]
2018	11	29	03	22	49	freakdown	Cardano_ff	Prismarine Shard	1.0	64.0	64	world	[-2507, 23, 2815]
2018	11	29	03	22	49	freakdown	Cardano_ff	Prismarine Shard	1.0	64.0	64	world	[-2507, 23, 2815]
2018	11	29	03	22	50	freakdown	Cardano_ff	Prismarine Shard	1.0	64.0	64	world	[-2507, 23, 2815]
2018	11	29	03	22	51	freakdown	Cardano_ff	Prismarine Shard	1.0	64.0	64	world	[-2507, 23, 2815]
2018	11	29	03	22	52	freakdown	Cardano_ff	Prismarine Shard	1.0	64.0	64	world	[-2507, 23, 2815]
2018	11	29	03	22	52	freakdown	Cardano_ff	Prismarine Shard	1.0	64.0	64	world	[-2507, 23, 2815]
2018	11	29	13	53	47	Mr_Digs	Cardano_ff	Prismarine Shard	1.0	50.0	50	world	[-2507, 23, 2815]
2018	11	29	13	53	48	Mr_Digs	sharonclaws	Prismarine Shard	1.0	64.0	64	world	[-2506, 23, 2815]
2018	11	29	13	53	49	Mr_Digs	sharonclaws	Prismarine Shard	1.0	64.0	64	world	[-2506, 23, 2815]
2018	11	29	13	53	49	Mr_Digs	sharonclaws	Prismarine Shard	1.0	64.0	64	world	[-2506, 23, 2815]
2018	11	29	13	53	50	Mr_Digs	sharonclaws	Prismarine Shard	1.0	64.0	64	world	[-2506, 23, 2815]
2018	11	29	13	53	51	Mr_Digs	sharonclaws	Prismarine Shard	1.0	64.0	64	world	[-2506, 23, 2815]
2018	11	29	13	53	51	Mr_Digs	sharonclaws	Prismarine Shard	1.0	64.0	64	world	[-2506, 23, 2815]
2018	11	29	13	53	52	Mr_Digs	sharonclaws	Prismarine Shard	1.0	64.0	64	world	[-2506, 23, 2815]
2018	11	29	13	53	52	Mr_Digs	sharonclaws	Prismarine Shard	1.0	64.0	64	world	[-2506, 23, 2815]
2018	11	29	13	53	53	Mr_Digs	sharonclaws	Prismarine Shard	1.0	64.0	64	world	[-2506, 23, 2815]
2018	11	29	13	53	54	Mr_Digs	sharonclaws	Prismarine Shard	1.0	64.0	64	world	[-2506, 23, 2815]
2018	11	29	13	53	54	Mr_Digs	sharonclaws	Prismarine Shard	1.0	14.0	14	world	[-2506, 23, 2815]
2018	11	29	13	55	06	Mr_Digs	sharonclaws	Prismarine Shard	1.0	64.0	64	world	[-2506, 23, 2815]
2018	11	29	13	55	06	Mr_Digs	sharonclaws	Prismarine Shard	1.0	64.0	64	world	[-2506, 23, 2815]
2018	11	29	13	55	07	Mr_Digs	sharonclaws	Prismarine Shard	1.0	64.0	64	world	[-2506, 23, 2815]
2018	11	29	13	55	07	Mr_Digs	sharonclaws	Prismarine Shard	1.0	64.0	64	world	[-2506, 23, 2815]
2018	11	29	13	55	08	Mr_Digs	sharonclaws	Prismarine Shard	1.0	64.0	64	world	[-2506, 23, 2815]
2018	11	29	13	55	09	Mr_Digs	sharonclaws	Prismarine Shard	1.0	64.0	64	world	[-2506, 23, 2815]
2018	11	29	13	55	09	Mr_Digs	sharonclaws	Prismarine Shard	1.0	64.0	64	world	[-2506, 23, 2815]
2018	11	29	13	55	10	Mr_Digs	sharonclaws	Prismarine Shard	1.0	64.0	64	world	[-2506, 23, 2815]
2018	11	29	13	55	10	Mr_Digs	sharonclaws	Prismarine Shard	1.0	64.0	64	world	[-2506, 23, 2815]
2018	11	29	13	55	11	Mr_Digs	sharonclaws	Prismarine Shard	1.0	64.0	64	world	[-2506, 23, 2815]
2018	11	29	13	55	12	Mr_Digs	sharonclaws	Prismarine Shard	1.0	64.0	64	world	[-2506, 23, 2815]
2018	11	29	13	55	12	Mr_Digs	sharonclaws	Prismarine Shard	1.0	64.0	64	world	[-2506, 23, 2815]
2018	11	29	13	55	13	Mr_Digs	sharonclaws	Prismarine Shard	1.0	64.0	64	world	[-2506, 23, 2815]
2018	11	29	13	55	13	Mr_Digs	sharonclaws	Prismarine Shard	1.0	64.0	64	world	[-2506, 23, 2815]
2018	11	29	13	55	14	Mr_Digs	sharonclaws	Prismarine Shard	1.0	64.0	64	world	[-2506, 23, 2815]
2018	11	29	13	55	15	Mr_Digs	sharonclaws	Prismarine Shard	1.0	64.0	64	world	[-2506, 23, 2815]
2018	11	29	13	55	15	Mr_Digs	sharonclaws	Prismarine Shard	1.0	64.0	64	world	[-2506, 23, 2815]
2018	11	29	13	55	16	Mr_Digs	sharonclaws	Prismarine Shard	1.0	64.0	64	world	[-2506, 23, 2815]
2018	11	29	13	55	16	Mr_Digs	sharonclaws	Prismarine Shard	1.0	64.0	64	world	[-2506, 23, 2815]
2018	11	29	13	55	17	Mr_Digs	sharonclaws	Prismarine Shard	1.0	64.0	64	world	[-2506, 23, 2815]
2018	11	29	13	55	18	Mr_Digs	sharonclaws	Prismarine Shard	1.0	64.0	64	world	[-2506, 23, 2815]
2018	11	29	13	55	18	Mr_Digs	sharonclaws	Prismarine Shard	1.0	64.0	64	world	[-2506, 23, 2815]
2018	11	29	13	55	19	Mr_Digs	sharonclaws	Prismarine Shard	1.0	64.0	64	world	[-2506, 23, 2815]
2018	11	29	13	55	19	Mr_Digs	sharonclaws	Prismarine Shard	1.0	64.0	64	world	[-2506, 23, 2815]
2018	11	29	13	55	20	Mr_Digs	sharonclaws	Prismarine Shard	1.0	42.0	42	world	[-2506, 23, 2815]
2018	11	29	13	55	26	Mr_Digs	sharonclaws	Prismarine Shard	1.0	64.0	64	world	[-2506, 25, 2815]
2018	11	29	13	55	27	Mr_Digs	sharonclaws	Prismarine Shard	1.0	64.0	64	world	[-2506, 25, 2815]
2018	11	29	13	55	27	Mr_Digs	sharonclaws	Prismarine Shard	1.0	64.0	64	world	[-2506, 25, 2815]
2018	11	29	13	55	28	Mr_Digs	sharonclaws	Prismarine Shard	1.0	64.0	64	world	[-2506, 25, 2815]
2018	11	29	13	55	28	Mr_Digs	sharonclaws	Prismarine Shard	1.0	64.0	64	world	[-2506, 25, 2815]
2018	11	29	13	55	29	Mr_Digs	sharonclaws	Prismarine Shard	1.0	64.0	64	world	[-2506, 25, 2815]
2018	11	29	13	55	30	Mr_Digs	sharonclaws	Prismarine Shard	1.0	64.0	64	world	[-2506, 25, 2815]
2018	11	29	13	55	30	Mr_Digs	sharonclaws	Prismarine Shard	1.0	22.0	22	world	[-2506, 25, 2815]
2018	11	29	13	55	44	Mr_Digs	sharonclaws	Prismarine Shard	1.0	64.0	64	world	[-2506, 25, 2815]
2018	11	29	13	55	45	Mr_Digs	sharonclaws	Prismarine Shard	1.0	64.0	64	world	[-2506, 25, 2815]
2018	11	29	13	55	45	Mr_Digs	sharonclaws	Prismarine Shard	1.0	64.0	64	world	[-2506, 25, 2815]
2018	11	29	13	55	46	Mr_Digs	sharonclaws	Prismarine Shard	1.0	64.0	64	world	[-2506, 25, 2815]
2018	11	29	13	55	47	Mr_Digs	sharonclaws	Prismarine Shard	1.0	64.0	64	world	[-2506, 25, 2815]
2018	11	29	13	55	47	Mr_Digs	sharonclaws	Prismarine Shard	1.0	64.0	64	world	[-2506, 25, 2815]
2018	11	29	13	55	48	Mr_Digs	sharonclaws	Prismarine Shard	1.0	64.0	64	world	[-2506, 25, 2815]
2018	11	29	13	55	48	Mr_Digs	sharonclaws	Prismarine Shard	1.0	64.0	64	world	[-2506, 25, 2815]
2018	11	29	13	55	49	Mr_Digs	sharonclaws	Prismarine Shard	1.0	64.0	64	world	[-2506, 25, 2815]
2018	11	29	13	55	50	Mr_Digs	sharonclaws	Prismarine Shard	1.0	64.0	64	world	[-2506, 25, 2815]
2018	11	29	13	55	50	Mr_Digs	sharonclaws	Prismarine Shard	1.0	64.0	64	world	[-2506, 25, 2815]
2018	11	29	13	55	51	Mr_Digs	sharonclaws	Prismarine Shard	1.0	64.0	64	world	[-2506, 25, 2815]
2018	11	29	13	55	51	Mr_Digs	sharonclaws	Prismarine Shard	1.0	64.0	64	world	[-2506, 25, 2815]
2018	11	29	13	55	52	Mr_Digs	sharonclaws	Prismarine Shard	1.0	64.0	64	world	[-2506, 25, 2815]
2018	11	29	13	55	53	Mr_Digs	sharonclaws	Prismarine Shard	1.0	64.0	64	world	[-2506, 25, 2815]
2018	11	29	13	55	53	Mr_Digs	sharonclaws	Prismarine Shard	1.0	64.0	64	world	[-2506, 25, 2815]
2018	11	29	13	55	54	Mr_Digs	sharonclaws	Prismarine Shard	1.0	64.0	64	world	[-2506, 25, 2815]
2018	11	29	13	55	54	Mr_Digs	sharonclaws	Prismarine Shard	1.0	64.0	64	world	[-2506, 25, 2815]
2018	11	29	13	55	55	Mr_Digs	sharonclaws	Prismarine Shard	1.0	64.0	64	world	[-2506, 25, 2815]
2018	11	29	13	55	56	Mr_Digs	sharonclaws	Prismarine Shard	1.0	64.0	64	world	[-2506, 25, 2815]
2018	11	29	13	55	56	Mr_Digs	sharonclaws	Prismarine Shard	1.0	64.0	64	world	[-2506, 25, 2815]
2018	11	29	13	55	57	Mr_Digs	sharonclaws	Prismarine Shard	1.0	64.0	64	world	[-2506, 25, 2815]
2018	11	29	13	55	57	Mr_Digs	sharonclaws	Prismarine Shard	1.0	64.0	64	world	[-2506, 25, 2815]
2018	11	29	13	55	58	Mr_Digs	sharonclaws	Prismarine Shard	1.0	64.0	64	world	[-2506, 25, 2815]
2018	11	29	13	55	59	Mr_Digs	sharonclaws	Prismarine Shard	1.0	64.0	64	world	[-2506, 25, 2815]
2018	11	29	13	55	59	Mr_Digs	sharonclaws	Prismarine Shard	1.0	64.0	64	world	[-2506, 25, 2815]
2018	11	29	13	56	00	Mr_Digs	sharonclaws	Prismarine Shard	1.0	64.0	64	world	[-2506, 25, 2815]
2018	11	29	13	56	00	Mr_Digs	sharonclaws	Prismarine Shard	1.0	64.0	64	world	[-2506, 25, 2815]
2018	11	29	13	56	01	Mr_Digs	sharonclaws	Prismarine Shard	1.0	64.0	64	world	[-2506, 25, 2815]
2018	11	29	13	56	02	Mr_Digs	sharonclaws	Prismarine Shard	1.0	58.0	58	world	[-2506, 25, 2815]
2018	11	29	13	56	16	Mr_Digs	sharonclaws	Prismarine Shard	1.0	64.0	64	world	[-2506, 25, 2815]
2018	11	29	13	56	17	Mr_Digs	sharonclaws	Prismarine Shard	1.0	64.0	64	world	[-2506, 25, 2815]
2018	11	29	13	56	17	Mr_Digs	sharonclaws	Prismarine Shard	1.0	64.0	64	world	[-2506, 25, 2815]
2018	11	29	13	56	18	Mr_Digs	sharonclaws	Prismarine Shard	1.0	64.0	64	world	[-2506, 25, 2815]
2018	11	29	13	56	18	Mr_Digs	sharonclaws	Prismarine Shard	1.0	64.0	64	world	[-2506, 25, 2815]
2018	11	29	13	56	19	Mr_Digs	sharonclaws	Prismarine Shard	1.0	64.0	64	world	[-2506, 25, 2815]
2018	11	29	13	56	20	Mr_Digs	sharonclaws	Prismarine Shard	1.0	64.0	64	world	[-2506, 25, 2815]
2018	11	29	13	56	20	Mr_Digs	sharonclaws	Prismarine Shard	1.0	64.0	64	world	[-2506, 25, 2815]
2018	11	29	13	56	21	Mr_Digs	sharonclaws	Prismarine Shard	1.0	64.0	64	world	[-2506, 25, 2815]
2018	11	29	13	56	21	Mr_Digs	sharonclaws	Prismarine Shard	1.0	64.0	64	world	[-2506, 25, 2815]
2018	11	29	13	56	22	Mr_Digs	sharonclaws	Prismarine Shard	1.0	64.0	64	world	[-2506, 25, 2815]
2018	11	29	13	56	23	Mr_Digs	sharonclaws	Prismarine Shard	1.0	64.0	64	world	[-2506, 25, 2815]
2018	11	29	13	56	23	Mr_Digs	sharonclaws	Prismarine Shard	1.0	64.0	64	world	[-2506, 25, 2815]
2018	11	29	13	56	24	Mr_Digs	sharonclaws	Prismarine Shard	1.0	64.0	64	world	[-2506, 25, 2815]
2018	11	29	13	56	24	Mr_Digs	sharonclaws	Prismarine Shard	1.0	64.0	64	world	[-2506, 25, 2815]
2018	11	29	13	56	25	Mr_Digs	sharonclaws	Prismarine Shard	1.0	64.0	64	world	[-2506, 25, 2815]
2018	11	29	13	56	26	Mr_Digs	sharonclaws	Prismarine Shard	1.0	48.0	48	world	[-2506, 25, 2815]
2018	11	29	13	56	30	Mr_Digs	sharonclaws	Prismarine Shard	1.0	64.0	64	world	[-2506, 26, 2815]
2018	11	29	13	56	30	Mr_Digs	sharonclaws	Prismarine Shard	1.0	64.0	64	world	[-2506, 26, 2815]
2018	11	29	13	56	31	Mr_Digs	sharonclaws	Prismarine Shard	1.0	64.0	64	world	[-2506, 26, 2815]
2018	11	29	13	56	31	Mr_Digs	sharonclaws	Prismarine Shard	1.0	64.0	64	world	[-2506, 26, 2815]
2018	11	29	13	56	32	Mr_Digs	sharonclaws	Prismarine Shard	1.0	64.0	64	world	[-2506, 26, 2815]
2018	11	29	13	56	33	Mr_Digs	sharonclaws	Prismarine Shard	1.0	64.0	64	world	[-2506, 26, 2815]
2018	11	29	13	56	33	Mr_Digs	sharonclaws	Prismarine Shard	1.0	64.0	64	world	[-2506, 26, 2815]
2018	11	29	13	56	34	Mr_Digs	sharonclaws	Prismarine Shard	1.0	64.0	64	world	[-2506, 26, 2815]
2018	11	29	13	56	34	Mr_Digs	sharonclaws	Prismarine Shard	1.0	64.0	64	world	[-2506, 26, 2815]
2018	11	29	13	56	35	Mr_Digs	sharonclaws	Prismarine Shard	1.0	13.0	13	world	[-2506, 26, 2815]
2018	11	29	13	56	48	Mr_Digs	sharonclaws	Prismarine Shard	1.0	64.0	64	world	[-2506, 26, 2815]
2018	11	29	13	56	48	Mr_Digs	sharonclaws	Prismarine Shard	1.0	64.0	64	world	[-2506, 26, 2815]
2018	11	29	13	56	49	Mr_Digs	sharonclaws	Prismarine Shard	1.0	64.0	64	world	[-2506, 26, 2815]
2018	11	29	13	56	49	Mr_Digs	sharonclaws	Prismarine Shard	1.0	64.0	64	world	[-2506, 26, 2815]
2018	11	29	13	56	50	Mr_Digs	sharonclaws	Prismarine Shard	1.0	64.0	64	world	[-2506, 26, 2815]
2018	11	29	13	56	51	Mr_Digs	sharonclaws	Prismarine Shard	1.0	64.0	64	world	[-2506, 26, 2815]
2018	11	29	13	56	51	Mr_Digs	sharonclaws	Prismarine Shard	1.0	64.0	64	world	[-2506, 26, 2815]
2018	11	29	13	56	52	Mr_Digs	sharonclaws	Prismarine Shard	1.0	64.0	64	world	[-2506, 26, 2815]
2018	11	29	13	56	52	Mr_Digs	sharonclaws	Prismarine Shard	1.0	64.0	64	world	[-2506, 26, 2815]
2018	11	29	13	56	53	Mr_Digs	sharonclaws	Prismarine Shard	1.0	64.0	64	world	[-2506, 26, 2815]
2018	11	29	13	56	54	Mr_Digs	sharonclaws	Prismarine Shard	1.0	64.0	64	world	[-2506, 26, 2815]
2018	11	29	13	56	54	Mr_Digs	sharonclaws	Prismarine Shard	1.0	64.0	64	world	[-2506, 26, 2815]
2018	11	29	13	56	55	Mr_Digs	sharonclaws	Prismarine Shard	1.0	64.0	64	world	[-2506, 26, 2815]
2018	11	29	13	56	55	Mr_Digs	sharonclaws	Prismarine Shard	1.0	64.0	64	world	[-2506, 26, 2815]
2018	11	29	13	56	56	Mr_Digs	sharonclaws	Prismarine Shard	1.0	64.0	64	world	[-2506, 26, 2815]
2018	11	29	13	56	57	Mr_Digs	sharonclaws	Prismarine Shard	1.0	64.0	64	world	[-2506, 26, 2815]
2018	11	29	13	56	57	Mr_Digs	sharonclaws	Prismarine Shard	1.0	64.0	64	world	[-2506, 26, 2815]
2018	11	29	13	56	58	Mr_Digs	sharonclaws	Prismarine Shard	1.0	64.0	64	world	[-2506, 26, 2815]
2018	11	29	13	56	58	Mr_Digs	sharonclaws	Prismarine Shard	1.0	64.0	64	world	[-2506, 26, 2815]
2018	11	29	13	56	59	Mr_Digs	sharonclaws	Prismarine Shard	1.0	64.0	64	world	[-2506, 26, 2815]
2018	11	29	13	57	00	Mr_Digs	sharonclaws	Prismarine Shard	1.0	64.0	64	world	[-2506, 26, 2815]
2018	11	29	13	57	00	Mr_Digs	sharonclaws	Prismarine Shard	1.0	64.0	64	world	[-2506, 26, 2815]
2018	11	29	13	57	01	Mr_Digs	sharonclaws	Prismarine Shard	1.0	64.0	64	world	[-2506, 26, 2815]
2018	11	29	13	57	01	Mr_Digs	sharonclaws	Prismarine Shard	1.0	56.0	56	world	[-2506, 26, 2815]
2018	11	29	13	57	13	Mr_Digs	sharonclaws	Prismarine Shard	1.0	64.0	64	world	[-2506, 26, 2815]
2018	11	29	13	57	14	Mr_Digs	sharonclaws	Prismarine Shard	1.0	64.0	64	world	[-2506, 26, 2815]
2018	11	29	13	57	14	Mr_Digs	sharonclaws	Prismarine Shard	1.0	64.0	64	world	[-2506, 26, 2815]
2018	11	29	13	57	15	Mr_Digs	sharonclaws	Prismarine Shard	1.0	64.0	64	world	[-2506, 26, 2815]
2018	11	29	13	57	15	Mr_Digs	sharonclaws	Prismarine Shard	1.0	64.0	64	world	[-2506, 26, 2815]
2018	11	29	13	57	16	Mr_Digs	sharonclaws	Prismarine Shard	1.0	64.0	64	world	[-2506, 26, 2815]
2018	11	29	13	57	17	Mr_Digs	sharonclaws	Prismarine Shard	1.0	64.0	64	world	[-2506, 26, 2815]
2018	11	29	13	57	17	Mr_Digs	sharonclaws	Prismarine Shard	1.0	64.0	64	world	[-2506, 26, 2815]
2018	11	29	13	57	18	Mr_Digs	sharonclaws	Prismarine Shard	1.0	64.0	64	world	[-2506, 26, 2815]
2018	11	29	13	57	18	Mr_Digs	sharonclaws	Prismarine Shard	1.0	64.0	64	world	[-2506, 26, 2815]
2018	11	29	13	57	19	Mr_Digs	sharonclaws	Prismarine Shard	1.0	64.0	64	world	[-2506, 26, 2815]
2018	11	29	13	57	20	Mr_Digs	sharonclaws	Prismarine Shard	1.0	64.0	64	world	[-2506, 26, 2815]
2018	11	29	13	57	20	Mr_Digs	sharonclaws	Prismarine Shard	1.0	64.0	64	world	[-2506, 26, 2815]
2018	11	29	13	57	21	Mr_Digs	sharonclaws	Prismarine Shard	1.0	64.0	64	world	[-2506, 26, 2815]
2018	11	29	13	57	21	Mr_Digs	sharonclaws	Prismarine Shard	1.0	64.0	64	world	[-2506, 26, 2815]
2018	11	29	13	57	22	Mr_Digs	sharonclaws	Prismarine Shard	1.0	64.0	64	world	[-2506, 26, 2815]
2018	11	29	13	57	23	Mr_Digs	sharonclaws	Prismarine Shard	1.0	64.0	64	world	[-2506, 26, 2815]
2018	11	29	13	57	23	Mr_Digs	sharonclaws	Prismarine Shard	1.0	64.0	64	world	[-2506, 26, 2815]
2018	11	29	13	57	24	Mr_Digs	sharonclaws	Prismarine Shard	1.0	64.0	64	world	[-2506, 26, 2815]
2018	11	29	13	57	24	Mr_Digs	sharonclaws	Prismarine Shard	1.0	64.0	64	world	[-2506, 26, 2815]
2018	11	29	13	57	25	Mr_Digs	sharonclaws	Prismarine Shard	1.0	58.0	58	world	[-2506, 26, 2815]
2018	11	29	13	57	37	Mr_Digs	sharonclaws	Prismarine Shard	1.0	1.0	1	world	[-2506, 26, 2815]
2018	11	29	13	57	39	Mr_Digs	sharonclaws	Prismarine Shard	1.0	64.0	64	world	[-2505, 23, 2815]
2018	11	29	13	57	40	Mr_Digs	sharonclaws	Prismarine Shard	1.0	64.0	64	world	[-2505, 23, 2815]
2018	11	29	13	57	40	Mr_Digs	sharonclaws	Prismarine Shard	1.0	64.0	64	world	[-2505, 23, 2815]
2018	11	29	13	57	41	Mr_Digs	sharonclaws	Prismarine Shard	1.0	64.0	64	world	[-2505, 23, 2815]
2018	11	29	13	57	42	Mr_Digs	sharonclaws	Prismarine Shard	1.0	64.0	64	world	[-2505, 23, 2815]
2018	11	29	13	57	42	Mr_Digs	sharonclaws	Prismarine Shard	1.0	64.0	64	world	[-2505, 23, 2815]
2018	11	29	13	57	43	Mr_Digs	sharonclaws	Prismarine Shard	1.0	64.0	64	world	[-2505, 23, 2815]
2018	11	29	13	57	43	Mr_Digs	sharonclaws	Prismarine Shard	1.0	64.0	64	world	[-2505, 23, 2815]
2018	11	29	13	57	44	Mr_Digs	sharonclaws	Prismarine Shard	1.0	64.0	64	world	[-2505, 23, 2815]
2018	11	29	13	57	45	Mr_Digs	sharonclaws	Prismarine Shard	1.0	64.0	64	world	[-2505, 23, 2815]
2018	11	29	13	57	45	Mr_Digs	sharonclaws	Prismarine Shard	1.0	64.0	64	world	[-2505, 23, 2815]
2018	11	29	13	57	46	Mr_Digs	sharonclaws	Prismarine Shard	1.0	64.0	64	world	[-2505, 23, 2815]
2018	11	29	13	57	49	Mr_Digs	sharonclaws	Prismarine Shard	1.0	64.0	64	world	[-2505, 23, 2815]
2018	11	29	13	57	50	Mr_Digs	sharonclaws	Prismarine Shard	1.0	64.0	64	world	[-2505, 23, 2815]
2018	11	29	13	57	50	Mr_Digs	sharonclaws	Prismarine Shard	1.0	64.0	64	world	[-2505, 23, 2815]
2018	11	29	13	57	51	Mr_Digs	sharonclaws	Prismarine Shard	1.0	64.0	64	world	[-2505, 23, 2815]
2018	11	29	13	57	51	Mr_Digs	sharonclaws	Prismarine Shard	1.0	64.0	64	world	[-2505, 23, 2815]
2018	11	29	13	57	52	Mr_Digs	sharonclaws	Prismarine Shard	1.0	64.0	64	world	[-2505, 23, 2815]
2018	11	29	13	57	53	Mr_Digs	sharonclaws	Prismarine Shard	1.0	60.0	60	world	[-2505, 23, 2815]
2018	11	29	13	58	02	Mr_Digs	sharonclaws	Prismarine Shard	1.0	64.0	64	world	[-2505, 23, 2815]
2018	11	29	13	58	03	Mr_Digs	sharonclaws	Prismarine Shard	1.0	64.0	64	world	[-2505, 23, 2815]
2018	11	29	13	58	04	Mr_Digs	sharonclaws	Prismarine Shard	1.0	64.0	64	world	[-2505, 23, 2815]
2018	11	29	13	58	04	Mr_Digs	sharonclaws	Prismarine Shard	1.0	64.0	64	world	[-2505, 23, 2815]
2018	11	29	13	58	05	Mr_Digs	sharonclaws	Prismarine Shard	1.0	64.0	64	world	[-2505, 23, 2815]
2018	11	29	13	58	05	Mr_Digs	sharonclaws	Prismarine Shard	1.0	64.0	64	world	[-2505, 23, 2815]
2018	11	29	13	58	06	Mr_Digs	sharonclaws	Prismarine Shard	1.0	64.0	64	world	[-2505, 23, 2815]
2018	11	29	13	58	07	Mr_Digs	sharonclaws	Prismarine Shard	1.0	64.0	64	world	[-2505, 23, 2815]
2018	11	29	13	58	07	Mr_Digs	sharonclaws	Prismarine Shard	1.0	64.0	64	world	[-2505, 23, 2815]
2018	11	29	13	58	08	Mr_Digs	sharonclaws	Prismarine Shard	1.0	64.0	64	world	[-2505, 23, 2815]
2018	11	29	13	58	08	Mr_Digs	sharonclaws	Prismarine Shard	1.0	64.0	64	world	[-2505, 23, 2815]
2018	11	29	13	58	09	Mr_Digs	sharonclaws	Prismarine Shard	1.0	64.0	64	world	[-2505, 23, 2815]
2018	11	29	13	58	10	Mr_Digs	sharonclaws	Prismarine Shard	1.0	64.0	64	world	[-2505, 23, 2815]
2018	11	29	13	58	10	Mr_Digs	sharonclaws	Prismarine Shard	1.0	64.0	64	world	[-2505, 23, 2815]
2018	11	29	13	58	11	Mr_Digs	sharonclaws	Prismarine Shard	1.0	64.0	64	world	[-2505, 23, 2815]
2018	11	29	13	58	11	Mr_Digs	sharonclaws	Prismarine Shard	1.0	64.0	64	world	[-2505, 23, 2815]
2018	11	29	13	58	21	Mr_Digs	sharonclaws	Prismarine Shard	1.0	64.0	64	world	[-2505, 23, 2815]
2018	11	29	13	58	22	Mr_Digs	sharonclaws	Prismarine Shard	1.0	64.0	64	world	[-2505, 23, 2815]
2018	11	29	13	58	22	Mr_Digs	sharonclaws	Prismarine Shard	1.0	64.0	64	world	[-2505, 23, 2815]
2018	11	29	13	58	23	Mr_Digs	sharonclaws	Prismarine Shard	1.0	4.0	4	world	[-2505, 23, 2815]
2018	11	29	13	58	27	Mr_Digs	sharonclaws	Prismarine Shard	1.0	64.0	64	world	[-2505, 25, 2815]
2018	11	29	13	58	27	Mr_Digs	sharonclaws	Prismarine Shard	1.0	64.0	64	world	[-2505, 25, 2815]
2018	11	29	13	58	28	Mr_Digs	sharonclaws	Prismarine Shard	1.0	64.0	64	world	[-2505, 25, 2815]
2018	11	29	13	58	28	Mr_Digs	sharonclaws	Prismarine Shard	1.0	64.0	64	world	[-2505, 25, 2815]
2018	11	29	13	58	29	Mr_Digs	sharonclaws	Prismarine Shard	1.0	64.0	64	world	[-2505, 25, 2815]
2018	11	29	13	58	30	Mr_Digs	sharonclaws	Prismarine Shard	1.0	64.0	64	world	[-2505, 25, 2815]
2018	11	29	13	58	30	Mr_Digs	sharonclaws	Prismarine Shard	1.0	64.0	64	world	[-2505, 25, 2815]
2018	11	29	13	58	31	Mr_Digs	sharonclaws	Prismarine Shard	1.0	64.0	64	world	[-2505, 25, 2815]
2018	11	29	13	58	31	Mr_Digs	sharonclaws	Prismarine Shard	1.0	64.0	64	world	[-2505, 25, 2815]
2018	11	29	13	58	32	Mr_Digs	sharonclaws	Prismarine Shard	1.0	64.0	64	world	[-2505, 25, 2815]
2018	11	29	13	58	33	Mr_Digs	sharonclaws	Prismarine Shard	1.0	64.0	64	world	[-2505, 25, 2815]
2018	11	29	13	58	33	Mr_Digs	sharonclaws	Prismarine Shard	1.0	52.0	52	world	[-2505, 25, 2815]
2018	11	29	13	58	44	Mr_Digs	sharonclaws	Prismarine Shard	1.0	64.0	64	world	[-2505, 25, 2815]
2018	11	29	13	58	44	Mr_Digs	sharonclaws	Prismarine Shard	1.0	64.0	64	world	[-2505, 25, 2815]
2018	11	29	13	58	45	Mr_Digs	sharonclaws	Prismarine Shard	1.0	64.0	64	world	[-2505, 25, 2815]
2018	11	29	13	58	45	Mr_Digs	sharonclaws	Prismarine Shard	1.0	64.0	64	world	[-2505, 25, 2815]
2018	11	29	13	58	46	Mr_Digs	sharonclaws	Prismarine Shard	1.0	64.0	64	world	[-2505, 25, 2815]
2018	11	29	13	58	47	Mr_Digs	sharonclaws	Prismarine Shard	1.0	64.0	64	world	[-2505, 25, 2815]
2018	11	29	13	58	47	Mr_Digs	sharonclaws	Prismarine Shard	1.0	64.0	64	world	[-2505, 25, 2815]
2018	11	29	13	58	48	Mr_Digs	sharonclaws	Prismarine Shard	1.0	64.0	64	world	[-2505, 25, 2815]
2018	11	29	13	58	48	Mr_Digs	sharonclaws	Prismarine Shard	1.0	64.0	64	world	[-2505, 25, 2815]
2018	11	29	13	58	49	Mr_Digs	sharonclaws	Prismarine Shard	1.0	64.0	64	world	[-2505, 25, 2815]
2018	11	29	13	58	50	Mr_Digs	sharonclaws	Prismarine Shard	1.0	64.0	64	world	[-2505, 25, 2815]
2018	11	29	13	58	50	Mr_Digs	sharonclaws	Prismarine Shard	1.0	64.0	64	world	[-2505, 25, 2815]
2018	11	29	13	58	51	Mr_Digs	sharonclaws	Prismarine Shard	1.0	58.0	58	world	[-2505, 25, 2815]
2018	11	29	13	59	01	Mr_Digs	sharonclaws	Prismarine Shard	1.0	64.0	64	world	[-2505, 25, 2815]
2018	11	29	13	59	01	Mr_Digs	sharonclaws	Prismarine Shard	1.0	64.0	64	world	[-2505, 25, 2815]
2018	11	29	13	59	02	Mr_Digs	sharonclaws	Prismarine Shard	1.0	64.0	64	world	[-2505, 25, 2815]
2018	11	29	13	59	02	Mr_Digs	sharonclaws	Prismarine Shard	1.0	64.0	64	world	[-2505, 25, 2815]
2018	11	29	13	59	03	Mr_Digs	sharonclaws	Prismarine Shard	1.0	64.0	64	world	[-2505, 25, 2815]
2018	11	29	13	59	04	Mr_Digs	sharonclaws	Prismarine Shard	1.0	64.0	64	world	[-2505, 25, 2815]
2018	11	29	13	59	04	Mr_Digs	sharonclaws	Prismarine Shard	1.0	64.0	64	world	[-2505, 25, 2815]
2018	11	29	13	59	05	Mr_Digs	sharonclaws	Prismarine Shard	1.0	64.0	64	world	[-2505, 25, 2815]
2018	11	29	13	59	05	Mr_Digs	sharonclaws	Prismarine Shard	1.0	64.0	64	world	[-2505, 25, 2815]
2018	11	29	13	59	06	Mr_Digs	sharonclaws	Prismarine Shard	1.0	64.0	64	world	[-2505, 25, 2815]
2018	11	29	13	59	07	Mr_Digs	sharonclaws	Prismarine Shard	1.0	64.0	64	world	[-2505, 25, 2815]
2018	11	29	13	59	07	Mr_Digs	sharonclaws	Prismarine Shard	1.0	60.0	60	world	[-2505, 25, 2815]
2018	11	29	13	59	26	Mr_Digs	sharonclaws	Prismarine Shard	1.0	64.0	64	world	[-2505, 25, 2815]
2018	11	29	13	59	27	Mr_Digs	sharonclaws	Prismarine Shard	1.0	64.0	64	world	[-2505, 25, 2815]
2018	11	29	13	59	27	Mr_Digs	sharonclaws	Prismarine Shard	1.0	64.0	64	world	[-2505, 25, 2815]
2018	11	29	13	59	28	Mr_Digs	sharonclaws	Prismarine Shard	1.0	64.0	64	world	[-2505, 25, 2815]
2018	11	29	13	59	29	Mr_Digs	sharonclaws	Prismarine Shard	1.0	64.0	64	world	[-2505, 25, 2815]
2018	11	29	13	59	29	Mr_Digs	sharonclaws	Prismarine Shard	1.0	64.0	64	world	[-2505, 25, 2815]
2018	11	29	13	59	30	Mr_Digs	sharonclaws	Prismarine Shard	1.0	64.0	64	world	[-2505, 25, 2815]
2018	11	29	13	59	30	Mr_Digs	sharonclaws	Prismarine Shard	1.0	64.0	64	world	[-2505, 25, 2815]
2018	11	29	13	59	31	Mr_Digs	sharonclaws	Prismarine Shard	1.0	64.0	64	world	[-2505, 25, 2815]
2018	11	29	13	59	32	Mr_Digs	sharonclaws	Prismarine Shard	1.0	61.0	61	world	[-2505, 25, 2815]
2018	11	29	14	00	05	Mr_Digs	sharonclaws	Prismarine Shard	1.0	64.0	64	world	[-2505, 25, 2815]
2018	11	29	14	00	06	Mr_Digs	sharonclaws	Prismarine Shard	1.0	64.0	64	world	[-2505, 25, 2815]
2018	11	29	14	00	06	Mr_Digs	sharonclaws	Prismarine Shard	1.0	64.0	64	world	[-2505, 25, 2815]
2018	11	29	14	00	07	Mr_Digs	sharonclaws	Prismarine Shard	1.0	64.0	64	world	[-2505, 25, 2815]
2018	11	29	14	00	08	Mr_Digs	sharonclaws	Prismarine Shard	1.0	64.0	64	world	[-2505, 25, 2815]
2018	11	29	14	00	08	Mr_Digs	sharonclaws	Prismarine Shard	1.0	64.0	64	world	[-2505, 25, 2815]
2018	11	29	14	00	09	Mr_Digs	sharonclaws	Prismarine Shard	1.0	64.0	64	world	[-2505, 25, 2815]
2018	11	29	14	00	09	Mr_Digs	sharonclaws	Prismarine Shard	1.0	25.0	25	world	[-2505, 25, 2815]
2018	11	29	14	00	14	Mr_Digs	sharonclaws	Prismarine Shard	1.0	64.0	64	world	[-2505, 26, 2815]
2018	11	29	14	00	14	Mr_Digs	sharonclaws	Prismarine Shard	1.0	64.0	64	world	[-2505, 26, 2815]
2018	11	29	14	00	15	Mr_Digs	sharonclaws	Prismarine Shard	1.0	64.0	64	world	[-2505, 26, 2815]
2018	11	29	14	00	16	Mr_Digs	sharonclaws	Prismarine Shard	1.0	64.0	64	world	[-2505, 26, 2815]
2018	11	29	14	00	16	Mr_Digs	sharonclaws	Prismarine Shard	1.0	64.0	64	world	[-2505, 26, 2815]
2018	11	29	14	00	17	Mr_Digs	sharonclaws	Prismarine Shard	1.0	64.0	64	world	[-2505, 26, 2815]
2018	11	29	14	00	17	Mr_Digs	sharonclaws	Prismarine Shard	1.0	64.0	64	world	[-2505, 26, 2815]
2018	11	29	14	00	18	Mr_Digs	sharonclaws	Prismarine Shard	1.0	64.0	64	world	[-2505, 26, 2815]
2018	11	29	14	00	19	Mr_Digs	sharonclaws	Prismarine Shard	1.0	64.0	64	world	[-2505, 26, 2815]
2018	11	29	14	00	19	Mr_Digs	sharonclaws	Prismarine Shard	1.0	64.0	64	world	[-2505, 26, 2815]
2018	11	29	14	00	20	Mr_Digs	sharonclaws	Prismarine Shard	1.0	64.0	64	world	[-2505, 26, 2815]
2018	11	29	14	00	20	Mr_Digs	sharonclaws	Prismarine Shard	1.0	64.0	64	world	[-2505, 26, 2815]
2018	11	29	14	00	21	Mr_Digs	sharonclaws	Prismarine Shard	1.0	64.0	64	world	[-2505, 26, 2815]
2018	11	29	14	00	22	Mr_Digs	sharonclaws	Prismarine Shard	1.0	64.0	64	world	[-2505, 26, 2815]
2018	11	29	14	00	22	Mr_Digs	sharonclaws	Prismarine Shard	1.0	64.0	64	world	[-2505, 26, 2815]
2018	11	29	14	00	23	Mr_Digs	sharonclaws	Prismarine Shard	1.0	64.0	64	world	[-2505, 26, 2815]
2018	11	29	14	00	23	Mr_Digs	sharonclaws	Prismarine Shard	1.0	64.0	64	world	[-2505, 26, 2815]
2018	11	29	14	00	24	Mr_Digs	sharonclaws	Prismarine Shard	1.0	64.0	64	world	[-2505, 26, 2815]
2018	11	29	14	00	25	Mr_Digs	sharonclaws	Prismarine Shard	1.0	64.0	64	world	[-2505, 26, 2815]
2018	11	29	14	00	25	Mr_Digs	sharonclaws	Prismarine Shard	1.0	64.0	64	world	[-2505, 26, 2815]
2018	11	29	14	00	26	Mr_Digs	sharonclaws	Prismarine Shard	1.0	64.0	64	world	[-2505, 26, 2815]
2018	11	29	14	00	26	Mr_Digs	sharonclaws	Prismarine Shard	1.0	64.0	64	world	[-2505, 26, 2815]
2018	11	29	14	00	27	Mr_Digs	sharonclaws	Prismarine Shard	1.0	64.0	64	world	[-2505, 26, 2815]
2018	11	29	14	00	28	Mr_Digs	sharonclaws	Prismarine Shard	1.0	64.0	64	world	[-2505, 26, 2815]
2018	11	29	14	00	28	Mr_Digs	sharonclaws	Prismarine Shard	1.0	64.0	64	world	[-2505, 26, 2815]
2018	11	29	14	00	29	Mr_Digs	sharonclaws	Prismarine Shard	1.0	64.0	64	world	[-2505, 26, 2815]
2018	11	29	14	00	29	Mr_Digs	sharonclaws	Prismarine Shard	1.0	64.0	64	world	[-2505, 26, 2815]
2018	11	29	14	00	30	Mr_Digs	sharonclaws	Prismarine Shard	1.0	38.0	38	world	[-2505, 26, 2815]
2018	11	29	14	00	44	Mr_Digs	sharonclaws	Prismarine Shard	1.0	64.0	64	world	[-2505, 26, 2815]
2018	11	29	14	00	45	Mr_Digs	sharonclaws	Prismarine Shard	1.0	64.0	64	world	[-2505, 26, 2815]
2018	11	29	14	00	45	Mr_Digs	sharonclaws	Prismarine Shard	1.0	64.0	64	world	[-2505, 26, 2815]
2018	11	29	14	00	46	Mr_Digs	sharonclaws	Prismarine Shard	1.0	64.0	64	world	[-2505, 26, 2815]
2018	11	29	14	00	46	Mr_Digs	sharonclaws	Prismarine Shard	1.0	64.0	64	world	[-2505, 26, 2815]
2018	11	29	14	00	47	Mr_Digs	sharonclaws	Prismarine Shard	1.0	64.0	64	world	[-2505, 26, 2815]
2018	11	29	14	00	48	Mr_Digs	sharonclaws	Prismarine Shard	1.0	64.0	64	world	[-2505, 26, 2815]
2018	11	29	14	00	48	Mr_Digs	sharonclaws	Prismarine Shard	1.0	64.0	64	world	[-2505, 26, 2815]
2018	11	29	14	00	49	Mr_Digs	sharonclaws	Prismarine Shard	1.0	64.0	64	world	[-2505, 26, 2815]
2018	11	29	14	00	50	Mr_Digs	sharonclaws	Prismarine Shard	1.0	64.0	64	world	[-2505, 26, 2815]
2018	11	29	14	00	50	Mr_Digs	sharonclaws	Prismarine Shard	1.0	64.0	64	world	[-2505, 26, 2815]
2018	11	29	14	00	51	Mr_Digs	sharonclaws	Prismarine Shard	1.0	64.0	64	world	[-2505, 26, 2815]
2018	11	29	14	00	51	Mr_Digs	sharonclaws	Prismarine Shard	1.0	64.0	64	world	[-2505, 26, 2815]
2018	11	29	14	00	52	Mr_Digs	sharonclaws	Prismarine Shard	1.0	64.0	64	world	[-2505, 26, 2815]
2018	11	29	14	00	53	Mr_Digs	sharonclaws	Prismarine Shard	1.0	64.0	64	world	[-2505, 26, 2815]
2018	11	29	14	00	53	Mr_Digs	sharonclaws	Prismarine Shard	1.0	64.0	64	world	[-2505, 26, 2815]
2018	11	29	14	00	54	Mr_Digs	sharonclaws	Prismarine Shard	1.0	64.0	64	world	[-2505, 26, 2815]
2018	11	29	14	00	54	Mr_Digs	sharonclaws	Prismarine Shard	1.0	64.0	64	world	[-2505, 26, 2815]
2018	11	29	14	00	55	Mr_Digs	sharonclaws	Prismarine Shard	1.0	64.0	64	world	[-2505, 26, 2815]
2018	11	29	14	00	56	Mr_Digs	sharonclaws	Prismarine Shard	1.0	64.0	64	world	[-2505, 26, 2815]
2018	11	29	14	00	56	Mr_Digs	sharonclaws	Prismarine Shard	1.0	64.0	64	world	[-2505, 26, 2815]
2018	11	29	14	00	57	Mr_Digs	sharonclaws	Prismarine Shard	1.0	64.0	64	world	[-2505, 26, 2815]
2018	11	29	14	00	57	Mr_Digs	sharonclaws	Prismarine Shard	1.0	64.0	64	world	[-2505, 26, 2815]
2018	11	29	14	00	58	Mr_Digs	sharonclaws	Prismarine Shard	1.0	64.0	64	world	[-2505, 26, 2815]
2018	11	29	14	00	59	Mr_Digs	sharonclaws	Prismarine Shard	1.0	64.0	64	world	[-2505, 26, 2815]
2018	11	29	14	00	59	Mr_Digs	sharonclaws	Prismarine Shard	1.0	64.0	64	world	[-2505, 26, 2815]
2018	11	29	14	01	00	Mr_Digs	sharonclaws	Prismarine Shard	1.0	26.0	26	world	[-2505, 26, 2815]
2018	11	29	14	01	05	Mr_Digs	sharonclaws	Prismarine Shard	1.0	5.0	5	world	[-2504, 23, 2815]
2018	11	29	14	01	07	Mr_Digs	sharonclaws	Prismarine Shard	1.0	64.0	64	world	[-2504, 25, 2815]
2018	11	29	14	01	08	Mr_Digs	sharonclaws	Prismarine Shard	1.0	64.0	64	world	[-2504, 25, 2815]
2018	11	29	14	01	08	Mr_Digs	sharonclaws	Prismarine Shard	1.0	64.0	64	world	[-2504, 25, 2815]
2018	11	29	14	01	09	Mr_Digs	sharonclaws	Prismarine Shard	1.0	64.0	64	world	[-2504, 25, 2815]
2018	11	29	14	01	10	Mr_Digs	sharonclaws	Prismarine Shard	1.0	25.0	25	world	[-2504, 25, 2815]
2018	11	29	14	01	22	Mr_Digs	sharonclaws	Prismarine Shard	1.0	64.0	64	world	[-2504, 25, 2815]
2018	11	29	14	01	22	Mr_Digs	sharonclaws	Prismarine Shard	1.0	64.0	64	world	[-2504, 25, 2815]
2018	11	29	14	01	23	Mr_Digs	sharonclaws	Prismarine Shard	1.0	64.0	64	world	[-2504, 25, 2815]
2018	11	29	14	01	23	Mr_Digs	sharonclaws	Prismarine Shard	1.0	64.0	64	world	[-2504, 25, 2815]
2018	11	29	14	01	24	Mr_Digs	sharonclaws	Prismarine Shard	1.0	64.0	64	world	[-2504, 25, 2815]
2018	11	29	14	01	25	Mr_Digs	sharonclaws	Prismarine Shard	1.0	64.0	64	world	[-2504, 25, 2815]
2018	11	29	14	01	25	Mr_Digs	sharonclaws	Prismarine Shard	1.0	64.0	64	world	[-2504, 25, 2815]
2018	11	29	14	01	26	Mr_Digs	sharonclaws	Prismarine Shard	1.0	64.0	64	world	[-2504, 25, 2815]
2018	11	29	14	01	26	Mr_Digs	sharonclaws	Prismarine Shard	1.0	64.0	64	world	[-2504, 25, 2815]
2018	11	29	14	01	27	Mr_Digs	sharonclaws	Prismarine Shard	1.0	64.0	64	world	[-2504, 25, 2815]
2018	11	29	14	01	28	Mr_Digs	sharonclaws	Prismarine Shard	1.0	64.0	64	world	[-2504, 25, 2815]
2018	11	29	14	01	28	Mr_Digs	sharonclaws	Prismarine Shard	1.0	64.0	64	world	[-2504, 25, 2815]
2018	11	29	14	01	29	Mr_Digs	sharonclaws	Prismarine Shard	1.0	64.0	64	world	[-2504, 25, 2815]
2018	11	29	14	01	29	Mr_Digs	sharonclaws	Prismarine Shard	1.0	64.0	64	world	[-2504, 25, 2815]
2018	11	29	14	01	30	Mr_Digs	sharonclaws	Prismarine Shard	1.0	64.0	64	world	[-2504, 25, 2815]
2018	11	29	14	01	31	Mr_Digs	sharonclaws	Prismarine Shard	1.0	64.0	64	world	[-2504, 25, 2815]
2018	11	29	14	01	31	Mr_Digs	sharonclaws	Prismarine Shard	1.0	64.0	64	world	[-2504, 25, 2815]
2018	11	29	14	01	32	Mr_Digs	sharonclaws	Prismarine Shard	1.0	64.0	64	world	[-2504, 25, 2815]
2018	11	29	14	01	32	Mr_Digs	sharonclaws	Prismarine Shard	1.0	64.0	64	world	[-2504, 25, 2815]
2018	11	29	14	01	33	Mr_Digs	sharonclaws	Prismarine Shard	1.0	64.0	64	world	[-2504, 25, 2815]
2018	11	29	14	01	34	Mr_Digs	sharonclaws	Prismarine Shard	1.0	64.0	64	world	[-2504, 25, 2815]
2018	11	29	14	01	34	Mr_Digs	sharonclaws	Prismarine Shard	1.0	64.0	64	world	[-2504, 25, 2815]
2018	11	29	14	01	35	Mr_Digs	sharonclaws	Prismarine Shard	1.0	64.0	64	world	[-2504, 25, 2815]
2018	11	29	14	01	35	Mr_Digs	sharonclaws	Prismarine Shard	1.0	64.0	64	world	[-2504, 25, 2815]
2018	11	29	14	01	36	Mr_Digs	sharonclaws	Prismarine Shard	1.0	64.0	64	world	[-2504, 25, 2815]
2018	11	29	14	01	37	Mr_Digs	sharonclaws	Prismarine Shard	1.0	64.0	64	world	[-2504, 25, 2815]
2018	11	29	14	01	37	Mr_Digs	sharonclaws	Prismarine Shard	1.0	60.0	60	world	[-2504, 25, 2815]
2018	11	29	14	01	49	Mr_Digs	sharonclaws	Prismarine Shard	1.0	64.0	64	world	[-2504, 25, 2815]
2018	11	29	14	01	50	Mr_Digs	sharonclaws	Prismarine Shard	1.0	64.0	64	world	[-2504, 25, 2815]
2018	11	29	14	01	50	Mr_Digs	sharonclaws	Prismarine Shard	1.0	64.0	64	world	[-2504, 25, 2815]
2018	11	29	14	01	52	Mr_Digs	sharonclaws	Prismarine Shard	1.0	64.0	64	world	[-2504, 25, 2815]
2018	11	29	14	01	52	Mr_Digs	sharonclaws	Prismarine Shard	1.0	64.0	64	world	[-2504, 25, 2815]
2018	11	29	14	01	53	Mr_Digs	sharonclaws	Prismarine Shard	1.0	64.0	64	world	[-2504, 25, 2815]
2018	11	29	14	01	54	Mr_Digs	sharonclaws	Prismarine Shard	1.0	64.0	64	world	[-2504, 25, 2815]
2018	11	29	14	01	54	Mr_Digs	sharonclaws	Prismarine Shard	1.0	64.0	64	world	[-2504, 25, 2815]
2018	11	29	14	01	55	Mr_Digs	sharonclaws	Prismarine Shard	1.0	64.0	64	world	[-2504, 25, 2815]
2018	11	29	14	01	55	Mr_Digs	sharonclaws	Prismarine Shard	1.0	64.0	64	world	[-2504, 25, 2815]
2018	11	29	14	01	56	Mr_Digs	sharonclaws	Prismarine Shard	1.0	64.0	64	world	[-2504, 25, 2815]
2018	11	29	14	01	57	Mr_Digs	sharonclaws	Prismarine Shard	1.0	64.0	64	world	[-2504, 25, 2815]
2018	11	29	14	01	57	Mr_Digs	sharonclaws	Prismarine Shard	1.0	64.0	64	world	[-2504, 25, 2815]
2018	11	29	14	01	58	Mr_Digs	sharonclaws	Prismarine Shard	1.0	64.0	64	world	[-2504, 25, 2815]
2018	11	29	14	01	58	Mr_Digs	sharonclaws	Prismarine Shard	1.0	64.0	64	world	[-2504, 25, 2815]
2018	11	29	14	01	59	Mr_Digs	sharonclaws	Prismarine Shard	1.0	64.0	64	world	[-2504, 25, 2815]
2018	11	29	14	02	00	Mr_Digs	sharonclaws	Prismarine Shard	1.0	64.0	64	world	[-2504, 25, 2815]
2018	11	29	14	02	00	Mr_Digs	sharonclaws	Prismarine Shard	1.0	64.0	64	world	[-2504, 25, 2815]
2018	11	29	14	02	01	Mr_Digs	sharonclaws	Prismarine Shard	1.0	64.0	64	world	[-2504, 25, 2815]
2018	11	29	14	02	01	Mr_Digs	sharonclaws	Prismarine Shard	1.0	64.0	64	world	[-2504, 25, 2815]
2018	11	29	14	02	02	Mr_Digs	sharonclaws	Prismarine Shard	1.0	64.0	64	world	[-2504, 25, 2815]
2018	11	29	14	02	03	Mr_Digs	sharonclaws	Prismarine Shard	1.0	64.0	64	world	[-2504, 25, 2815]
2018	11	29	14	02	03	Mr_Digs	sharonclaws	Prismarine Shard	1.0	43.0	43	world	[-2504, 25, 2815]
2018	11	29	14	02	05	Mr_Digs	sharonclaws	Prismarine Shard	1.0	64.0	64	world	[-2504, 26, 2815]
2018	11	29	14	02	06	Mr_Digs	sharonclaws	Prismarine Shard	1.0	21.0	21	world	[-2504, 26, 2815]
2018	11	29	14	02	17	Mr_Digs	sharonclaws	Prismarine Shard	1.0	64.0	64	world	[-2504, 26, 2815]
2018	11	29	14	02	18	Mr_Digs	sharonclaws	Prismarine Shard	1.0	64.0	64	world	[-2504, 26, 2815]
2018	11	29	14	02	19	Mr_Digs	sharonclaws	Prismarine Shard	1.0	64.0	64	world	[-2504, 26, 2815]
2018	11	29	14	02	19	Mr_Digs	sharonclaws	Prismarine Shard	1.0	64.0	64	world	[-2504, 26, 2815]
2018	11	29	14	02	20	Mr_Digs	sharonclaws	Prismarine Shard	1.0	64.0	64	world	[-2504, 26, 2815]
2018	11	29	14	02	20	Mr_Digs	sharonclaws	Prismarine Shard	1.0	64.0	64	world	[-2504, 26, 2815]
2018	11	29	14	02	21	Mr_Digs	sharonclaws	Prismarine Shard	1.0	64.0	64	world	[-2504, 26, 2815]
2018	11	29	14	02	22	Mr_Digs	sharonclaws	Prismarine Shard	1.0	64.0	64	world	[-2504, 26, 2815]
2018	11	29	14	02	22	Mr_Digs	sharonclaws	Prismarine Shard	1.0	64.0	64	world	[-2504, 26, 2815]
2018	11	29	14	02	23	Mr_Digs	sharonclaws	Prismarine Shard	1.0	64.0	64	world	[-2504, 26, 2815]
2018	11	29	14	02	23	Mr_Digs	sharonclaws	Prismarine Shard	1.0	64.0	64	world	[-2504, 26, 2815]
2018	11	29	14	02	24	Mr_Digs	sharonclaws	Prismarine Shard	1.0	64.0	64	world	[-2504, 26, 2815]
2018	11	29	14	02	25	Mr_Digs	sharonclaws	Prismarine Shard	1.0	64.0	64	world	[-2504, 26, 2815]
2018	11	29	14	02	25	Mr_Digs	sharonclaws	Prismarine Shard	1.0	64.0	64	world	[-2504, 26, 2815]
2018	11	29	14	02	26	Mr_Digs	sharonclaws	Prismarine Shard	1.0	64.0	64	world	[-2504, 26, 2815]
2018	11	29	14	02	26	Mr_Digs	sharonclaws	Prismarine Shard	1.0	64.0	64	world	[-2504, 26, 2815]
2018	11	29	14	02	27	Mr_Digs	sharonclaws	Prismarine Shard	1.0	64.0	64	world	[-2504, 26, 2815]
2018	11	29	14	02	28	Mr_Digs	sharonclaws	Prismarine Shard	1.0	64.0	64	world	[-2504, 26, 2815]
2018	11	29	14	02	28	Mr_Digs	sharonclaws	Prismarine Shard	1.0	64.0	64	world	[-2504, 26, 2815]
2018	11	29	14	02	29	Mr_Digs	sharonclaws	Prismarine Shard	1.0	64.0	64	world	[-2504, 26, 2815]
2018	11	29	14	02	29	Mr_Digs	sharonclaws	Prismarine Shard	1.0	64.0	64	world	[-2504, 26, 2815]
2018	11	29	14	02	30	Mr_Digs	sharonclaws	Prismarine Shard	1.0	58.0	58	world	[-2504, 26, 2815]
2018	11	29	14	02	41	Mr_Digs	sharonclaws	Prismarine Shard	1.0	64.0	64	world	[-2504, 26, 2815]
2018	11	29	14	02	42	Mr_Digs	sharonclaws	Prismarine Shard	1.0	64.0	64	world	[-2504, 26, 2815]
2018	11	29	14	02	42	Mr_Digs	sharonclaws	Prismarine Shard	1.0	64.0	64	world	[-2504, 26, 2815]
2018	11	29	14	02	43	Mr_Digs	sharonclaws	Prismarine Shard	1.0	64.0	64	world	[-2504, 26, 2815]
2018	11	29	14	02	44	Mr_Digs	sharonclaws	Prismarine Shard	1.0	64.0	64	world	[-2504, 26, 2815]
2018	11	29	14	02	44	Mr_Digs	sharonclaws	Prismarine Shard	1.0	64.0	64	world	[-2504, 26, 2815]
2018	11	29	14	02	45	Mr_Digs	sharonclaws	Prismarine Shard	1.0	64.0	64	world	[-2504, 26, 2815]
2018	11	29	14	02	45	Mr_Digs	sharonclaws	Prismarine Shard	1.0	64.0	64	world	[-2504, 26, 2815]
2018	11	29	14	02	46	Mr_Digs	sharonclaws	Prismarine Shard	1.0	64.0	64	world	[-2504, 26, 2815]
2018	11	29	14	02	47	Mr_Digs	sharonclaws	Prismarine Shard	1.0	64.0	64	world	[-2504, 26, 2815]
2018	11	29	14	02	47	Mr_Digs	sharonclaws	Prismarine Shard	1.0	64.0	64	world	[-2504, 26, 2815]
2018	11	29	14	02	48	Mr_Digs	sharonclaws	Prismarine Shard	1.0	64.0	64	world	[-2504, 26, 2815]
2018	11	29	14	02	48	Mr_Digs	sharonclaws	Prismarine Shard	1.0	64.0	64	world	[-2504, 26, 2815]
2018	11	29	14	02	49	Mr_Digs	sharonclaws	Prismarine Shard	1.0	64.0	64	world	[-2504, 26, 2815]
2018	11	29	14	02	50	Mr_Digs	sharonclaws	Prismarine Shard	1.0	64.0	64	world	[-2504, 26, 2815]
2018	11	29	14	02	50	Mr_Digs	sharonclaws	Prismarine Shard	1.0	64.0	64	world	[-2504, 26, 2815]
2018	11	29	14	02	51	Mr_Digs	sharonclaws	Prismarine Shard	1.0	64.0	64	world	[-2504, 26, 2815]
2018	11	29	14	02	51	Mr_Digs	sharonclaws	Prismarine Shard	1.0	64.0	64	world	[-2504, 26, 2815]
2018	11	29	14	02	52	Mr_Digs	sharonclaws	Prismarine Shard	1.0	60.0	60	world	[-2504, 26, 2815]
2018	11	29	14	03	04	Mr_Digs	sharonclaws	Prismarine Shard	1.0	64.0	64	world	[-2504, 26, 2815]
2018	11	29	14	03	05	Mr_Digs	sharonclaws	Prismarine Shard	1.0	64.0	64	world	[-2504, 26, 2815]
2018	11	29	14	03	05	Mr_Digs	sharonclaws	Prismarine Shard	1.0	64.0	64	world	[-2504, 26, 2815]
2018	11	29	14	03	06	Mr_Digs	sharonclaws	Prismarine Shard	1.0	64.0	64	world	[-2504, 26, 2815]
2018	11	29	14	03	06	Mr_Digs	sharonclaws	Prismarine Shard	1.0	64.0	64	world	[-2504, 26, 2815]
2018	11	29	14	03	07	Mr_Digs	sharonclaws	Prismarine Shard	1.0	64.0	64	world	[-2504, 26, 2815]
2018	11	29	14	03	08	Mr_Digs	sharonclaws	Prismarine Shard	1.0	64.0	64	world	[-2504, 26, 2815]
2018	11	29	14	03	08	Mr_Digs	sharonclaws	Prismarine Shard	1.0	64.0	64	world	[-2504, 26, 2815]
2018	11	29	14	03	09	Mr_Digs	sharonclaws	Prismarine Shard	1.0	64.0	64	world	[-2504, 26, 2815]
2018	11	29	14	03	09	Mr_Digs	sharonclaws	Prismarine Shard	1.0	64.0	64	world	[-2504, 26, 2815]
2018	11	29	14	03	10	Mr_Digs	sharonclaws	Prismarine Shard	1.0	64.0	64	world	[-2504, 26, 2815]
2018	11	29	14	03	11	Mr_Digs	sharonclaws	Prismarine Shard	1.0	53.0	53	world	[-2504, 26, 2815]
2018	11	29	14	03	28	Mr_Digs	Cardano_ff	Prismarine Shard	1.0	64.0	64	world	[-2507, 23, 2815]
2018	11	29	14	03	29	Mr_Digs	Cardano_ff	Prismarine Shard	1.0	64.0	64	world	[-2507, 23, 2815]
2018	11	29	14	03	30	Mr_Digs	Cardano_ff	Prismarine Shard	1.0	64.0	64	world	[-2507, 23, 2815]
2018	11	29	14	03	30	Mr_Digs	Cardano_ff	Prismarine Shard	1.0	64.0	64	world	[-2507, 23, 2815]
2018	11	29	14	03	31	Mr_Digs	Cardano_ff	Prismarine Shard	1.0	64.0	64	world	[-2507, 23, 2815]
2018	11	29	14	03	31	Mr_Digs	Cardano_ff	Prismarine Shard	1.0	64.0	64	world	[-2507, 23, 2815]
2018	11	29	14	03	32	Mr_Digs	Cardano_ff	Prismarine Shard	1.0	64.0	64	world	[-2507, 23, 2815]
2018	11	29	14	03	33	Mr_Digs	Cardano_ff	Prismarine Shard	1.0	64.0	64	world	[-2507, 23, 2815]
2018	11	29	14	03	33	Mr_Digs	Cardano_ff	Prismarine Shard	1.0	64.0	64	world	[-2507, 23, 2815]
2018	11	29	14	03	34	Mr_Digs	Cardano_ff	Prismarine Shard	1.0	64.0	64	world	[-2507, 23, 2815]
2018	11	29	14	03	34	Mr_Digs	Cardano_ff	Prismarine Shard	1.0	14.0	14	world	[-2507, 23, 2815]
2018	11	29	14	03	35	Mr_Digs	Cardano_ff	Prismarine Shard	1.0	1.0	1	world	[-2507, 23, 2815]
2018	11	29	14	03	36	Mr_Digs	Cardano_ff	Prismarine Shard	1.0	2.0	2	world	[-2507, 23, 2815]
2018	11	29	14	03	36	Mr_Digs	Cardano_ff	Prismarine Shard	1.0	1.0	1	world	[-2507, 23, 2815]
2018	11	29	14	03	37	Mr_Digs	Cardano_ff	Prismarine Shard	1.0	2.0	2	world	[-2507, 23, 2815]
2018	11	29	14	03	37	Mr_Digs	Cardano_ff	Prismarine Shard	1.0	1.0	1	world	[-2507, 23, 2815]
2018	11	29	14	03	38	Mr_Digs	Cardano_ff	Prismarine Shard	1.0	2.0	2	world	[-2507, 23, 2815]
2018	11	29	14	03	39	Mr_Digs	Cardano_ff	Prismarine Shard	1.0	1.0	1	world	[-2507, 23, 2815]
2018	11	29	14	03	39	Mr_Digs	Cardano_ff	Prismarine Shard	1.0	2.0	2	world	[-2507, 23, 2815]
2018	11	29	14	03	40	Mr_Digs	Cardano_ff	Prismarine Shard	1.0	1.0	1	world	[-2507, 23, 2815]
2018	11	29	14	03	40	Mr_Digs	Cardano_ff	Prismarine Shard	1.0	2.0	2	world	[-2507, 23, 2815]
2018	11	29	14	03	43	Mr_Digs	Cardano_ff	Prismarine Shard	1.0	6.0	6	world	[-2507, 23, 2815]
2018	11	29	14	04	20	Mr_Digs	Cardano_ff	Prismarine Shard	1.0	60.0	60	world	[-2507, 23, 2815]
2018	11	29	14	04	21	Mr_Digs	Cardano_ff	Prismarine Shard	1.0	1.0	1	world	[-2507, 23, 2815]
2018	11	29	14	05	35	Mr_Digs	Cardano_ff	Prismarine Shard	1.0	64.0	64	world	[-2507, 23, 2815]
2018	11	29	14	05	36	Mr_Digs	Cardano_ff	Prismarine Shard	1.0	42.0	42	world	[-2507, 23, 2815]
2018	11	29	14	06	00	Mr_Digs	Cardano_ff	Prismarine Shard	1.0	23.0	23	world	[-2507, 23, 2815]
2018	11	29	14	06	21	Mr_Digs	Cardano_ff	Prismarine Shard	1.0	46.0	46	world	[-2507, 23, 2815]
2018	11	29	14	06	43	Mr_Digs	Cardano_ff	Prismarine Shard	1.0	23.0	23	world	[-2507, 23, 2815]
2018	11	29	14	07	22	Mr_Digs	Cardano_ff	Prismarine Shard	1.0	64.0	64	world	[-2507, 23, 2815]
2018	11	29	14	07	23	Mr_Digs	Cardano_ff	Prismarine Shard	1.0	3.0	3	world	[-2507, 23, 2815]
2018	11	29	14	07	24	Mr_Digs	Cardano_ff	Prismarine Shard	1.0	2.0	2	world	[-2507, 23, 2815]
2018	11	29	16	20	37	Mr_Digs	Cardano_ff	Prismarine Shard	1.0	21.0	21	world	[-2507, 23, 2815]
2018	11	29	16	20	38	Mr_Digs	Cardano_ff	Prismarine Shard	1.0	2.0	2	world	[-2507, 23, 2815]
2018	11	29	16	20	38	Mr_Digs	Cardano_ff	Prismarine Shard	1.0	1.0	1	world	[-2507, 23, 2815]
2018	11	29	16	20	50	Mr_Digs	Cardano_ff	Prismarine Shard	1.0	12.0	12	world	[-2507, 23, 2815]
2018	11	29	16	21	46	Mr_Digs	Cardano_ff	Prismarine Shard	1.0	64.0	64	world	[-2507, 23, 2815]
2018	11	29	16	21	47	Mr_Digs	Cardano_ff	Prismarine Shard	1.0	9.0	9	world	[-2507, 23, 2815]
2018	12	04	16	28	35	Aewheros	K9us	Prismarine Shard	0.0	0.0	64	world	[-2752, 25, 1823]
2018	12	04	16	28	36	Aewheros	K9us	Prismarine Shard	0.0	0.0	64	world	[-2752, 25, 1823]
2018	12	04	16	28	37	Aewheros	K9us	Prismarine Shard	0.0	0.0	64	world	[-2752, 25, 1823]
2018	12	04	16	28	38	Aewheros	K9us	Prismarine Shard	0.0	0.0	64	world	[-2752, 25, 1823]
2018	12	04	16	28	38	Aewheros	K9us	Prismarine Shard	0.0	0.0	64	world	[-2752, 25, 1823]
2018	12	04	16	28	39	Aewheros	K9us	Prismarine Shard	0.0	0.0	64	world	[-2752, 25, 1823]
2018	12	04	16	28	39	Aewheros	K9us	Prismarine Shard	0.0	0.0	64	world	[-2752, 25, 1823]
2018	12	04	16	28	40	Aewheros	K9us	Prismarine Shard	0.0	0.0	64	world	[-2752, 25, 1823]
2018	12	04	16	28	40	Aewheros	K9us	Prismarine Shard	0.0	0.0	64	world	[-2752, 25, 1823]
2018	12	04	16	28	41	Aewheros	K9us	Prismarine Shard	0.0	0.0	64	world	[-2752, 25, 1823]
2018	12	04	16	28	41	Aewheros	K9us	Prismarine Shard	0.0	0.0	64	world	[-2752, 25, 1823]
2018	12	04	16	28	42	Aewheros	K9us	Prismarine Shard	0.0	0.0	64	world	[-2752, 25, 1823]
2018	12	04	16	28	43	Aewheros	K9us	Prismarine Shard	0.0	0.0	64	world	[-2752, 25, 1823]
2018	12	04	16	28	43	Aewheros	K9us	Prismarine Shard	0.0	0.0	64	world	[-2752, 25, 1823]
2018	12	04	16	28	44	Aewheros	K9us	Prismarine Shard	0.0	0.0	64	world	[-2752, 25, 1823]
2018	12	04	16	28	45	Aewheros	K9us	Prismarine Shard	0.0	0.0	64	world	[-2752, 25, 1823]
2018	12	04	16	28	45	Aewheros	K9us	Prismarine Shard	0.0	0.0	64	world	[-2752, 25, 1823]
2018	12	04	16	28	46	Aewheros	K9us	Prismarine Shard	0.0	0.0	38	world	[-2752, 25, 1823]
2018	12	04	16	32	19	Aewheros	K9us	Prismarine Shard	0.0	0.0	64	world	[-2752, 25, 1823]
2018	12	04	16	32	19	Aewheros	K9us	Prismarine Shard	0.0	0.0	64	world	[-2752, 25, 1823]
2018	12	04	16	32	20	Aewheros	K9us	Prismarine Shard	0.0	0.0	64	world	[-2752, 25, 1823]
2018	12	04	16	32	21	Aewheros	K9us	Prismarine Shard	0.0	0.0	64	world	[-2752, 25, 1823]
2018	12	04	16	32	21	Aewheros	K9us	Prismarine Shard	0.0	0.0	64	world	[-2752, 25, 1823]
2018	12	04	16	32	22	Aewheros	K9us	Prismarine Shard	0.0	0.0	64	world	[-2752, 25, 1823]
2018	12	04	16	32	22	Aewheros	K9us	Prismarine Shard	0.0	0.0	64	world	[-2752, 25, 1823]
2018	12	04	16	32	23	Aewheros	K9us	Prismarine Shard	0.0	0.0	64	world	[-2752, 25, 1823]
2018	12	04	16	32	24	Aewheros	K9us	Prismarine Shard	0.0	0.0	64	world	[-2752, 25, 1823]
2018	12	04	16	32	24	Aewheros	K9us	Prismarine Shard	0.0	0.0	64	world	[-2752, 25, 1823]
2018	12	04	16	32	25	Aewheros	K9us	Prismarine Shard	0.0	0.0	64	world	[-2752, 25, 1823]
2018	12	04	16	32	25	Aewheros	K9us	Prismarine Shard	0.0	0.0	51	world	[-2752, 25, 1823]
2018	12	04	16	32	47	Aewheros	K9us	Prismarine Shard	0.0	0.0	64	world	[-2752, 25, 1823]
2018	12	04	16	32	47	Aewheros	K9us	Prismarine Shard	0.0	0.0	64	world	[-2752, 25, 1823]
2018	12	04	16	32	48	Aewheros	K9us	Prismarine Shard	0.0	0.0	64	world	[-2752, 25, 1823]
2018	12	04	16	32	49	Aewheros	K9us	Prismarine Shard	0.0	0.0	64	world	[-2752, 25, 1823]
2018	12	04	16	32	49	Aewheros	K9us	Prismarine Shard	0.0	0.0	64	world	[-2752, 25, 1823]
2018	12	04	16	32	50	Aewheros	K9us	Prismarine Shard	0.0	0.0	64	world	[-2752, 25, 1823]
2018	12	04	16	32	50	Aewheros	K9us	Prismarine Shard	0.0	0.0	64	world	[-2752, 25, 1823]
2018	12	04	16	32	51	Aewheros	K9us	Prismarine Shard	0.0	0.0	64	world	[-2752, 25, 1823]
2018	12	04	16	32	52	Aewheros	K9us	Prismarine Shard	0.0	0.0	64	world	[-2752, 25, 1823]
2018	12	12	18	32	17	freakdown	K9us	Prismarine Shard	0.0	0.0	64	world	[-2750, 22, 1824]
2018	12	12	18	32	18	freakdown	K9us	Prismarine Shard	0.0	0.0	64	world	[-2750, 22, 1824]
2018	12	12	18	32	19	freakdown	K9us	Prismarine Shard	0.0	0.0	64	world	[-2750, 22, 1824]
2018	12	12	18	32	19	freakdown	K9us	Prismarine Shard	0.0	0.0	64	world	[-2750, 22, 1824]
2018	12	12	18	34	19	freakdown	K9us	Prismarine Shard	0.0	0.0	64	world	[-2750, 22, 1824]
2018	12	12	18	34	20	freakdown	K9us	Prismarine Shard	0.0	0.0	64	world	[-2750, 22, 1824]
2018	12	12	18	34	21	freakdown	K9us	Prismarine Shard	0.0	0.0	64	world	[-2750, 22, 1824]
2018	12	12	18	34	23	freakdown	K9us	Prismarine Shard	0.0	0.0	64	world	[-2750, 22, 1824]
2018	12	12	18	34	24	freakdown	K9us	Prismarine Shard	0.0	0.0	64	world	[-2750, 22, 1824]
2018	12	12	18	34	29	freakdown	K9us	Prismarine Shard	0.0	0.0	1	world	[-2750, 22, 1824]
2018	12	12	18	34	30	freakdown	K9us	Prismarine Shard	0.0	0.0	1	world	[-2750, 22, 1824]
2018	12	12	18	34	31	freakdown	K9us	Prismarine Shard	0.0	0.0	1	world	[-2750, 22, 1824]
2018	12	12	18	34	31	freakdown	K9us	Prismarine Shard	0.0	0.0	1	world	[-2750, 22, 1824]
2018	12	12	18	34	40	freakdown	K9us	Prismarine Shard	0.0	0.0	64	world	[-2750, 22, 1824]
2018	12	12	18	34	45	freakdown	K9us	Prismarine Shard	0.0	0.0	64	world	[-2750, 22, 1824]
2018	12	12	18	34	49	freakdown	K9us	Prismarine Shard	0.0	0.0	64	world	[-2750, 22, 1824]
2018	12	12	18	38	31	freakdown	K9us	Prismarine Shard	0.0	0.0	64	world	[-2749, 22, 1824]
2018	12	12	18	38	32	freakdown	K9us	Prismarine Shard	0.0	0.0	64	world	[-2749, 22, 1824]
2018	12	12	18	38	34	freakdown	K9us	Prismarine Shard	0.0	0.0	64	world	[-2749, 22, 1824]
2018	12	12	18	38	35	freakdown	K9us	Prismarine Shard	0.0	0.0	64	world	[-2749, 22, 1824]
2019	01	06	21	27	49	__Wildfire_	K9us	Prismarine Shard	4.0	256.0	64	world	[-1844, 25, 1575]
2019	01	06	23	49	35	__Wildfire_	K9us	Prismarine Shard	4.0	256.0	64	world	[-1844, 25, 1575]
2019	01	06	23	49	35	__Wildfire_	K9us	Prismarine Shard	4.0	256.0	64	world	[-1844, 25, 1575]
2019	01	06	23	49	36	__Wildfire_	K9us	Prismarine Shard	4.0	256.0	64	world	[-1844, 25, 1575]
2019	01	06	23	49	37	__Wildfire_	K9us	Prismarine Shard	4.0	256.0	64	world	[-1844, 25, 1575]
2019	01	06	23	49	37	__Wildfire_	K9us	Prismarine Shard	4.0	256.0	64	world	[-1844, 25, 1575]
2019	01	06	23	49	38	__Wildfire_	K9us	Prismarine Shard	4.0	256.0	64	world	[-1844, 25, 1575]
2019	01	06	23	49	38	__Wildfire_	K9us	Prismarine Shard	4.0	256.0	64	world	[-1844, 25, 1575]
2019	01	06	23	49	39	__Wildfire_	K9us	Prismarine Shard	4.0	256.0	64	world	[-1844, 25, 1575]
2019	01	06	23	49	39	__Wildfire_	K9us	Prismarine Shard	4.0	256.0	64	world	[-1844, 25, 1575]
2019	01	07	09	24	09	NorraLigan	K9us	Prismarine Shard	0.0	0.0	1	world	[-2749, 22, 1824]
2019	01	07	09	24	20	NorraLigan	K9us	Prismarine Shard	0.0	0.0	64	world	[-2748, 22, 1824]
2019	01	07	10	21	47	NorraLigan	K9us	Prismarine Shard	0.0	0.0	64	world	[-2750, 22, 1824]
2019	01	07	10	23	03	NorraLigan	K9us	Prismarine Shard	0.0	0.0	64	world	[-2750, 22, 1824]
2019	01	07	10	23	05	NorraLigan	K9us	Prismarine Shard	0.0	0.0	64	world	[-2750, 22, 1824]
2019	01	07	10	25	15	NorraLigan	K9us	Prismarine Shard	0.0	0.0	64	world	[-2750, 22, 1824]
2019	01	07	10	25	15	NorraLigan	K9us	Prismarine Shard	0.0	0.0	64	world	[-2750, 22, 1824]
2019	01	07	10	25	16	NorraLigan	K9us	Prismarine Shard	0.0	0.0	64	world	[-2750, 22, 1824]
2019	01	07	10	28	23	NorraLigan	K9us	Prismarine Shard	0.0	0.0	64	world	[-2750, 22, 1824]
2019	01	07	10	28	25	NorraLigan	K9us	Prismarine Shard	0.0	0.0	64	world	[-2750, 22, 1824]
2019	01	07	10	28	25	NorraLigan	K9us	Prismarine Shard	0.0	0.0	64	world	[-2750, 22, 1824]
2019	01	07	10	28	27	NorraLigan	K9us	Prismarine Shard	0.0	0.0	64	world	[-2750, 22, 1824]
2019	01	07	10	28	28	NorraLigan	K9us	Prismarine Shard	0.0	0.0	64	world	[-2750, 22, 1824]
2019	01	07	10	28	29	NorraLigan	K9us	Prismarine Shard	0.0	0.0	42	world	[-2750, 22, 1824]
2019	01	07	10	29	34	NorraLigan	K9us	Prismarine Shard	0.0	0.0	64	world	[-2750, 22, 1824]
2019	01	07	10	29	35	NorraLigan	K9us	Prismarine Shard	0.0	0.0	64	world	[-2750, 22, 1824]
2019	01	07	10	29	35	NorraLigan	K9us	Prismarine Shard	0.0	0.0	64	world	[-2750, 22, 1824]
2019	01	07	10	29	36	NorraLigan	K9us	Prismarine Shard	0.0	0.0	64	world	[-2750, 22, 1824]
2019	01	07	10	29	37	NorraLigan	K9us	Prismarine Shard	0.0	0.0	64	world	[-2750, 22, 1824]
2019	01	07	10	29	37	NorraLigan	K9us	Prismarine Shard	0.0	0.0	64	world	[-2750, 22, 1824]
2019	01	07	10	29	38	NorraLigan	K9us	Prismarine Shard	0.0	0.0	64	world	[-2750, 22, 1824]
2019	01	07	10	29	39	NorraLigan	K9us	Prismarine Shard	0.0	0.0	64	world	[-2750, 22, 1824]
2019	01	07	10	29	39	NorraLigan	K9us	Prismarine Shard	0.0	0.0	64	world	[-2750, 22, 1824]
2019	01	07	10	30	03	NorraLigan	K9us	Prismarine Shard	0.0	0.0	64	world	[-2750, 22, 1824]
2019	01	07	10	30	04	NorraLigan	K9us	Prismarine Shard	0.0	0.0	64	world	[-2750, 22, 1824]
2019	01	07	10	30	04	NorraLigan	K9us	Prismarine Shard	0.0	0.0	64	world	[-2750, 22, 1824]
2019	01	07	10	30	05	NorraLigan	K9us	Prismarine Shard	0.0	0.0	64	world	[-2750, 22, 1824]
2019	01	07	10	30	06	NorraLigan	K9us	Prismarine Shard	0.0	0.0	64	world	[-2750, 22, 1824]
2019	01	07	10	30	06	NorraLigan	K9us	Prismarine Shard	0.0	0.0	64	world	[-2750, 22, 1824]
2019	01	07	10	30	07	NorraLigan	K9us	Prismarine Shard	0.0	0.0	64	world	[-2750, 22, 1824]
2019	01	07	10	30	08	NorraLigan	K9us	Prismarine Shard	0.0	0.0	64	world	[-2750, 22, 1824]
2019	01	07	10	30	08	NorraLigan	K9us	Prismarine Shard	0.0	0.0	64	world	[-2750, 22, 1824]
2019	01	07	10	30	09	NorraLigan	K9us	Prismarine Shard	0.0	0.0	64	world	[-2750, 22, 1824]
2019	01	07	10	30	10	NorraLigan	K9us	Prismarine Shard	0.0	0.0	64	world	[-2750, 22, 1824]
2019	01	07	10	30	11	NorraLigan	K9us	Prismarine Shard	0.0	0.0	64	world	[-2750, 22, 1824]
2019	01	07	10	30	11	NorraLigan	K9us	Prismarine Shard	0.0	0.0	64	world	[-2750, 22, 1824]
2019	01	07	10	30	12	NorraLigan	K9us	Prismarine Shard	0.0	0.0	64	world	[-2750, 22, 1824]
2019	01	07	10	30	12	NorraLigan	K9us	Prismarine Shard	0.0	0.0	64	world	[-2750, 22, 1824]
2019	01	07	10	30	13	NorraLigan	K9us	Prismarine Shard	0.0	0.0	57	world	[-2750, 22, 1824]
2019	01	07	10	30	36	NorraLigan	K9us	Prismarine Shard	0.0	0.0	64	world	[-2750, 22, 1824]
2019	01	07	10	30	37	NorraLigan	K9us	Prismarine Shard	0.0	0.0	64	world	[-2750, 22, 1824]
2019	01	07	10	30	38	NorraLigan	K9us	Prismarine Shard	0.0	0.0	64	world	[-2750, 22, 1824]
2019	01	07	10	30	38	NorraLigan	K9us	Prismarine Shard	0.0	0.0	64	world	[-2750, 22, 1824]
2019	01	07	10	30	39	NorraLigan	K9us	Prismarine Shard	0.0	0.0	64	world	[-2750, 22, 1824]
2019	01	07	10	30	39	NorraLigan	K9us	Prismarine Shard	0.0	0.0	64	world	[-2750, 22, 1824]
2019	01	07	10	30	40	NorraLigan	K9us	Prismarine Shard	0.0	0.0	64	world	[-2750, 22, 1824]
2019	01	07	10	30	41	NorraLigan	K9us	Prismarine Shard	0.0	0.0	64	world	[-2750, 22, 1824]
2019	01	07	10	30	41	NorraLigan	K9us	Prismarine Shard	0.0	0.0	64	world	[-2750, 22, 1824]
2019	01	07	10	31	13	NorraLigan	K9us	Prismarine Shard	0.0	0.0	64	world	[-2750, 22, 1824]
2019	01	07	10	31	13	NorraLigan	K9us	Prismarine Shard	0.0	0.0	64	world	[-2750, 22, 1824]
2019	01	07	10	31	14	NorraLigan	K9us	Prismarine Shard	0.0	0.0	64	world	[-2750, 22, 1824]
2019	01	07	10	31	15	NorraLigan	K9us	Prismarine Shard	0.0	0.0	64	world	[-2750, 22, 1824]
2019	01	08	07	57	06	NorraLigan	K9us	Prismarine Shard	0.0	0.0	64	world	[-2750, 22, 1824]
2019	01	08	07	58	16	NorraLigan	K9us	Prismarine Shard	0.0	0.0	64	world	[-2750, 22, 1824]
2019	01	08	07	58	16	NorraLigan	K9us	Prismarine Shard	0.0	0.0	64	world	[-2750, 22, 1824]
2019	01	08	07	58	17	NorraLigan	K9us	Prismarine Shard	0.0	0.0	64	world	[-2750, 22, 1824]
2019	01	08	07	58	17	NorraLigan	K9us	Prismarine Shard	0.0	0.0	64	world	[-2750, 22, 1824]
2019	01	08	07	58	18	NorraLigan	K9us	Prismarine Shard	0.0	0.0	8	world	[-2750, 22, 1824]
2019	01	08	07	59	00	NorraLigan	K9us	Prismarine Shard	0.0	0.0	64	world	[-2750, 22, 1824]
2019	01	08	07	59	00	NorraLigan	K9us	Prismarine Shard	0.0	0.0	64	world	[-2750, 22, 1824]
2019	01	08	07	59	01	NorraLigan	K9us	Prismarine Shard	0.0	0.0	43	world	[-2750, 22, 1824]
2019	01	08	08	01	17	NorraLigan	K9us	Prismarine Shard	0.0	0.0	64	world	[-2750, 22, 1824]
2019	01	09	18	55	15	freakdown	K9us	Prismarine Shard	0.0	0.0	1	world	[-2750, 22, 1824]
2019	01	09	18	55	24	freakdown	K9us	Prismarine Shard	0.0	0.0	1	world	[-2748, 22, 1824]
2019	01	09	18	55	25	freakdown	K9us	Prismarine Shard	0.0	0.0	1	world	[-2749, 22, 1824]
2019	01	09	18	55	25	freakdown	K9us	Prismarine Shard	0.0	0.0	1	world	[-2750, 22, 1824]
2019	01	14	12	31	35	Aewheros	K9us	Prismarine Shard	0.0	0.0	64	world	[-2750, 22, 1824]
2019	01	14	12	31	37	Aewheros	K9us	Prismarine Shard	0.0	0.0	28	world	[-2750, 22, 1824]
2019	01	14	12	32	14	Aewheros	K9us	Prismarine Shard	2.0	128.0	64	world	[-2749, 21, 1824]
2019	01	14	12	32	16	Aewheros	K9us	Prismarine Shard	2.0	128.0	64	world	[-2749, 21, 1824]
2019	01	14	12	32	17	Aewheros	K9us	Prismarine Shard	2.0	128.0	64	world	[-2749, 21, 1824]
2019	01	14	12	32	18	Aewheros	K9us	Prismarine Shard	2.0	128.0	64	world	[-2749, 21, 1824]
2019	01	14	12	32	18	Aewheros	K9us	Prismarine Shard	2.0	128.0	64	world	[-2749, 21, 1824]
2019	01	14	12	32	19	Aewheros	K9us	Prismarine Shard	2.0	128.0	64	world	[-2749, 21, 1824]
2019	01	14	12	37	42	Aewheros	K9us	Prismarine Shard	2.0	2.0	1	world	[-2749, 21, 1824]
2019	01	14	12	37	43	Aewheros	K9us	Prismarine Shard	2.0	128.0	64	world	[-2749, 21, 1824]
2019	01	14	12	37	44	Aewheros	K9us	Prismarine Shard	2.0	128.0	64	world	[-2749, 21, 1824]
2019	01	14	12	37	44	Aewheros	K9us	Prismarine Shard	2.0	128.0	64	world	[-2749, 21, 1824]
2019	01	14	12	37	45	Aewheros	K9us	Prismarine Shard	2.0	128.0	64	world	[-2749, 21, 1824]
2019	01	14	12	38	35	Aewheros	K9us	Prismarine Shard	0.0	0.0	64	world	[-2750, 22, 1824]
2019	01	14	12	38	37	Aewheros	K9us	Prismarine Shard	0.0	0.0	64	world	[-2750, 22, 1824]
2019	01	14	12	38	37	Aewheros	K9us	Prismarine Shard	0.0	0.0	64	world	[-2750, 22, 1824]
2019	01	14	12	38	38	Aewheros	K9us	Prismarine Shard	0.0	0.0	40	world	[-2750, 22, 1824]
2019	01	14	12	38	40	Aewheros	K9us	Prismarine Shard	0.0	0.0	27	world	[-2749, 22, 1824]
2019	01	14	12	38	42	Aewheros	K9us	Prismarine Shard	0.0	0.0	18	world	[-2748, 22, 1824]
2019	01	14	12	40	49	Aewheros	K9us	Prismarine Shard	0.0	0.0	28	world	[-2749, 22, 1824]
2019	01	14	12	40	51	Aewheros	K9us	Prismarine Shard	0.0	0.0	18	world	[-2748, 22, 1824]
2019	01	14	12	42	38	Aewheros	K9us	Prismarine Shard	0.0	0.0	29	world	[-2749, 22, 1824]
2019	01	14	12	42	40	Aewheros	K9us	Prismarine Shard	0.0	0.0	18	world	[-2748, 22, 1824]
2019	01	14	12	43	30	Aewheros	K9us	Prismarine Shard	2.0	128.0	64	world	[-2750, 21, 1824]
2019	01	14	12	43	31	Aewheros	K9us	Prismarine Shard	2.0	128.0	64	world	[-2750, 21, 1824]
2019	01	14	12	43	32	Aewheros	K9us	Prismarine Shard	2.0	128.0	64	world	[-2750, 21, 1824]
2019	01	15	11	14	29	Aewheros	K9us	Prismarine Shard	0.0	0.0	51	world	[-2749, 22, 1824]
2019	01	15	11	14	30	Aewheros	K9us	Prismarine Shard	0.0	0.0	9	world	[-2748, 22, 1824]
2019	01	15	11	14	36	Aewheros	K9us	Prismarine Shard	2.0	128.0	64	world	[-2750, 21, 1824]
2019	01	15	11	14	37	Aewheros	K9us	Prismarine Shard	2.0	128.0	64	world	[-2750, 21, 1824]
2019	01	15	11	14	37	Aewheros	K9us	Prismarine Shard	2.0	128.0	64	world	[-2750, 21, 1824]
2019	01	15	11	14	38	Aewheros	K9us	Prismarine Shard	2.0	128.0	64	world	[-2750, 21, 1824]
2019	01	15	11	14	39	Aewheros	K9us	Prismarine Shard	2.0	128.0	64	world	[-2750, 21, 1824]
2019	01	15	11	14	39	Aewheros	K9us	Prismarine Shard	2.0	128.0	64	world	[-2750, 21, 1824]
2019	01	15	11	14	40	Aewheros	K9us	Prismarine Shard	2.0	128.0	64	world	[-2750, 21, 1824]
2019	01	15	11	14	40	Aewheros	K9us	Prismarine Shard	2.0	128.0	64	world	[-2750, 21, 1824]
2019	01	15	11	14	41	Aewheros	K9us	Prismarine Shard	2.0	128.0	64	world	[-2750, 21, 1824]
2019	01	15	11	14	41	Aewheros	K9us	Prismarine Shard	2.0	128.0	64	world	[-2750, 21, 1824]
2019	01	15	11	14	42	Aewheros	K9us	Prismarine Shard	2.0	128.0	64	world	[-2750, 21, 1824]
2019	01	15	11	14	43	Aewheros	K9us	Prismarine Shard	2.0	128.0	64	world	[-2750, 21, 1824]
2019	01	15	11	14	44	Aewheros	K9us	Prismarine Shard	2.0	128.0	64	world	[-2750, 21, 1824]
2019	01	15	11	14	44	Aewheros	K9us	Prismarine Shard	2.0	128.0	64	world	[-2750, 21, 1824]
2019	01	15	11	14	45	Aewheros	K9us	Prismarine Shard	2.0	128.0	64	world	[-2750, 21, 1824]
2019	01	15	11	14	46	Aewheros	K9us	Prismarine Shard	2.0	128.0	64	world	[-2750, 21, 1824]
2019	01	15	11	15	30	Aewheros	K9us	Prismarine Shard	2.0	128.0	64	world	[-2749, 21, 1824]
2019	01	15	11	15	31	Aewheros	K9us	Prismarine Shard	2.0	128.0	64	world	[-2749, 21, 1824]
2019	01	15	11	15	31	Aewheros	K9us	Prismarine Shard	2.0	128.0	64	world	[-2749, 21, 1824]
2019	01	15	11	15	32	Aewheros	K9us	Prismarine Shard	2.0	128.0	64	world	[-2749, 21, 1824]
2019	01	15	11	15	33	Aewheros	K9us	Prismarine Shard	2.0	128.0	64	world	[-2749, 21, 1824]
2019	01	15	11	15	33	Aewheros	K9us	Prismarine Shard	2.0	128.0	64	world	[-2749, 21, 1824]
2019	01	15	11	15	34	Aewheros	K9us	Prismarine Shard	2.0	128.0	64	world	[-2749, 21, 1824]
2019	01	15	11	15	34	Aewheros	K9us	Prismarine Shard	2.0	128.0	64	world	[-2749, 21, 1824]
2019	01	15	11	15	35	Aewheros	K9us	Prismarine Shard	2.0	128.0	64	world	[-2749, 21, 1824]
2019	01	15	11	15	36	Aewheros	K9us	Prismarine Shard	2.0	128.0	64	world	[-2749, 21, 1824]
2019	01	15	11	15	36	Aewheros	K9us	Prismarine Shard	2.0	128.0	64	world	[-2749, 21, 1824]
2019	01	15	11	15	37	Aewheros	K9us	Prismarine Shard	2.0	128.0	64	world	[-2749, 21, 1824]
2019	01	15	11	15	38	Aewheros	K9us	Prismarine Shard	2.0	128.0	64	world	[-2749, 21, 1824]
2019	01	15	11	15	38	Aewheros	K9us	Prismarine Shard	2.0	128.0	64	world	[-2749, 21, 1824]
2019	01	15	11	15	40	Aewheros	K9us	Prismarine Shard	2.0	128.0	64	world	[-2749, 21, 1824]
2019	01	15	11	15	41	Aewheros	K9us	Prismarine Shard	2.0	128.0	64	world	[-2749, 21, 1824]
2019	01	15	11	15	41	Aewheros	K9us	Prismarine Shard	2.0	128.0	64	world	[-2749, 21, 1824]
2019	01	15	11	15	42	Aewheros	K9us	Prismarine Shard	2.0	128.0	64	world	[-2749, 21, 1824]
2019	01	15	11	15	43	Aewheros	K9us	Prismarine Shard	2.0	128.0	64	world	[-2749, 21, 1824]
2019	01	15	11	15	44	Aewheros	K9us	Prismarine Shard	2.0	128.0	64	world	[-2749, 21, 1824]
2019	01	19	03	45	45	Aewheros	K9us	Prismarine Shard	0.0	0.0	64	world	[-2748, 22, 1824]
2019	01	19	03	45	46	Aewheros	K9us	Prismarine Shard	0.0	0.0	64	world	[-2749, 22, 1824]
2019	01	19	03	45	47	Aewheros	K9us	Prismarine Shard	0.0	0.0	64	world	[-2750, 22, 1824]
2019	01	19	03	45	48	Aewheros	K9us	Prismarine Shard	0.0	0.0	64	world	[-2749, 22, 1824]
2019	01	19	03	45	49	Aewheros	K9us	Prismarine Shard	0.0	0.0	6	world	[-2748, 22, 1824]
2019	01	19	03	46	03	Aewheros	K9us	Prismarine Shard	0.0	0.0	64	world	[-2748, 22, 1824]
2019	01	19	03	46	04	Aewheros	K9us	Prismarine Shard	0.0	0.0	64	world	[-2749, 22, 1824]
2019	01	19	03	46	05	Aewheros	K9us	Prismarine Shard	0.0	0.0	64	world	[-2750, 22, 1824]
2019	01	19	03	46	06	Aewheros	K9us	Prismarine Shard	0.0	0.0	64	world	[-2750, 22, 1824]
2019	01	19	03	46	07	Aewheros	K9us	Prismarine Shard	0.0	0.0	64	world	[-2749, 22, 1824]
2019	01	19	03	46	08	Aewheros	K9us	Prismarine Shard	0.0	0.0	64	world	[-2748, 22, 1824]
2019	01	19	03	46	08	Aewheros	K9us	Prismarine Shard	0.0	0.0	64	world	[-2749, 22, 1824]
2019	01	19	03	46	09	Aewheros	K9us	Prismarine Shard	0.0	0.0	36	world	[-2750, 22, 1824]
2019	01	19	03	46	32	Aewheros	K9us	Prismarine Shard	0.0	0.0	64	world	[-2748, 22, 1824]
2019	01	19	03	46	33	Aewheros	K9us	Prismarine Shard	0.0	0.0	64	world	[-2749, 22, 1824]
2019	01	19	03	46	34	Aewheros	K9us	Prismarine Shard	0.0	0.0	64	world	[-2750, 22, 1824]
2019	01	19	03	46	35	Aewheros	K9us	Prismarine Shard	0.0	0.0	64	world	[-2749, 22, 1824]
2019	01	19	03	46	35	Aewheros	K9us	Prismarine Shard	0.0	0.0	64	world	[-2748, 22, 1824]
2019	01	19	03	46	36	Aewheros	K9us	Prismarine Shard	0.0	0.0	64	world	[-2749, 22, 1824]
2019	01	19	03	46	36	Aewheros	K9us	Prismarine Shard	0.0	0.0	64	world	[-2750, 22, 1824]
2019	01	19	03	46	37	Aewheros	K9us	Prismarine Shard	0.0	0.0	62	world	[-2750, 22, 1824]
2019	01	19	03	46	45	Aewheros	K9us	Prismarine Shard	0.0	0.0	64	world	[-2748, 22, 1824]
2019	01	19	03	46	46	Aewheros	K9us	Prismarine Shard	0.0	0.0	64	world	[-2748, 22, 1824]
2019	01	19	03	46	47	Aewheros	K9us	Prismarine Shard	0.0	0.0	64	world	[-2749, 22, 1824]
2019	01	19	03	46	48	Aewheros	K9us	Prismarine Shard	0.0	0.0	64	world	[-2750, 22, 1824]
2019	01	19	03	46	49	Aewheros	K9us	Prismarine Shard	0.0	0.0	64	world	[-2750, 22, 1824]
2019	01	19	03	46	50	Aewheros	K9us	Prismarine Shard	0.0	0.0	64	world	[-2748, 22, 1824]
2019	01	19	03	46	50	Aewheros	K9us	Prismarine Shard	0.0	0.0	64	world	[-2750, 22, 1824]
2019	01	19	03	46	56	Aewheros	K9us	Prismarine Shard	0.0	0.0	64	world	[-2748, 22, 1824]
2019	01	19	03	46	57	Aewheros	K9us	Prismarine Shard	0.0	0.0	64	world	[-2749, 22, 1824]
2019	01	19	03	46	58	Aewheros	K9us	Prismarine Shard	0.0	0.0	64	world	[-2749, 22, 1824]
2019	01	19	03	46	58	Aewheros	K9us	Prismarine Shard	0.0	0.0	64	world	[-2750, 22, 1824]
2019	01	19	03	46	59	Aewheros	K9us	Prismarine Shard	0.0	0.0	64	world	[-2750, 22, 1824]
2019	01	19	03	47	06	Aewheros	K9us	Prismarine Shard	0.0	0.0	64	world	[-2748, 22, 1824]
2019	01	19	03	47	07	Aewheros	K9us	Prismarine Shard	0.0	0.0	64	world	[-2748, 22, 1824]
2019	01	19	03	47	07	Aewheros	K9us	Prismarine Shard	0.0	0.0	64	world	[-2748, 22, 1824]
2019	01	19	03	47	08	Aewheros	K9us	Prismarine Shard	0.0	0.0	64	world	[-2748, 22, 1824]
2019	01	19	03	47	08	Aewheros	K9us	Prismarine Shard	0.0	0.0	64	world	[-2748, 22, 1824]
2019	01	19	03	47	10	Aewheros	K9us	Prismarine Shard	0.0	0.0	62	world	[-2748, 22, 1824]
2019	01	19	03	49	30	Aewheros	K9us	Prismarine Shard	0.0	0.0	64	world	[-2748, 22, 1824]
2019	01	19	03	49	31	Aewheros	K9us	Prismarine Shard	0.0	0.0	64	world	[-2748, 22, 1824]
2019	01	19	03	49	31	Aewheros	K9us	Prismarine Shard	0.0	0.0	64	world	[-2748, 22, 1824]
2019	01	19	03	49	32	Aewheros	K9us	Prismarine Shard	0.0	0.0	64	world	[-2748, 22, 1824]
2019	01	19	03	49	32	Aewheros	K9us	Prismarine Shard	0.0	0.0	64	world	[-2748, 22, 1824]
2019	01	19	03	49	33	Aewheros	K9us	Prismarine Shard	0.0	0.0	64	world	[-2748, 22, 1824]
2019	01	19	03	49	34	Aewheros	K9us	Prismarine Shard	0.0	0.0	64	world	[-2748, 22, 1824]
2019	01	19	03	49	34	Aewheros	K9us	Prismarine Shard	0.0	0.0	64	world	[-2748, 22, 1824]
2019	01	19	03	49	35	Aewheros	K9us	Prismarine Shard	0.0	0.0	64	world	[-2748, 22, 1824]
2019	01	19	03	49	36	Aewheros	K9us	Prismarine Shard	0.0	0.0	64	world	[-2748, 22, 1824]
2019	01	19	03	49	36	Aewheros	K9us	Prismarine Shard	0.0	0.0	64	world	[-2748, 22, 1824]
2019	01	19	03	49	37	Aewheros	K9us	Prismarine Shard	0.0	0.0	64	world	[-2748, 22, 1824]
2019	01	19	03	49	38	Aewheros	K9us	Prismarine Shard	0.0	0.0	64	world	[-2748, 22, 1824]
2019	01	19	03	49	39	Aewheros	K9us	Prismarine Shard	0.0	0.0	2	world	[-2748, 22, 1824]
2019	01	19	03	50	19	Aewheros	K9us	Prismarine Shard	0.0	0.0	64	world	[-2746, 22, 1824]
2019	01	19	03	50	20	Aewheros	K9us	Prismarine Shard	0.0	0.0	64	world	[-2746, 22, 1824]
2019	01	19	03	50	21	Aewheros	K9us	Prismarine Shard	0.0	0.0	64	world	[-2746, 22, 1824]
2019	01	19	03	50	22	Aewheros	K9us	Prismarine Shard	0.0	0.0	64	world	[-2746, 22, 1824]
2019	01	19	03	50	22	Aewheros	K9us	Prismarine Shard	0.0	0.0	64	world	[-2746, 22, 1824]
2019	01	19	03	50	23	Aewheros	K9us	Prismarine Shard	0.0	0.0	64	world	[-2746, 22, 1824]
2019	01	19	03	50	24	Aewheros	K9us	Prismarine Shard	0.0	0.0	64	world	[-2746, 22, 1824]
2019	01	19	03	50	24	Aewheros	K9us	Prismarine Shard	0.0	0.0	64	world	[-2746, 22, 1824]
2019	01	19	03	50	25	Aewheros	K9us	Prismarine Shard	0.0	0.0	64	world	[-2746, 22, 1824]
2019	01	19	03	50	26	Aewheros	K9us	Prismarine Shard	0.0	0.0	64	world	[-2746, 22, 1824]
2019	01	19	03	50	26	Aewheros	K9us	Prismarine Shard	0.0	0.0	64	world	[-2746, 22, 1824]
2019	01	19	03	50	27	Aewheros	K9us	Prismarine Shard	0.0	0.0	64	world	[-2746, 22, 1824]
2019	01	19	03	50	28	Aewheros	K9us	Prismarine Shard	0.0	0.0	64	world	[-2746, 22, 1824]
2019	01	19	03	50	28	Aewheros	K9us	Prismarine Shard	0.0	0.0	64	world	[-2746, 22, 1824]
2019	01	19	03	50	40	Aewheros	K9us	Prismarine Shard	0.0	0.0	64	world	[-2746, 22, 1824]
2019	01	19	03	50	41	Aewheros	K9us	Prismarine Shard	0.0	0.0	64	world	[-2746, 22, 1824]
2019	01	19	03	50	41	Aewheros	K9us	Prismarine Shard	0.0	0.0	64	world	[-2746, 22, 1824]
2019	01	19	03	50	42	Aewheros	K9us	Prismarine Shard	0.0	0.0	64	world	[-2746, 22, 1824]
2019	01	19	03	50	43	Aewheros	K9us	Prismarine Shard	0.0	0.0	64	world	[-2746, 22, 1824]
2019	01	19	03	50	43	Aewheros	K9us	Prismarine Shard	0.0	0.0	64	world	[-2746, 22, 1824]
2019	01	19	03	50	44	Aewheros	K9us	Prismarine Shard	0.0	0.0	64	world	[-2746, 22, 1824]
2019	01	19	03	50	44	Aewheros	K9us	Prismarine Shard	0.0	0.0	64	world	[-2746, 22, 1824]
2019	01	19	03	50	45	Aewheros	K9us	Prismarine Shard	0.0	0.0	64	world	[-2746, 22, 1824]
2019	01	19	03	50	46	Aewheros	K9us	Prismarine Shard	0.0	0.0	64	world	[-2746, 22, 1824]
2019	01	19	03	50	46	Aewheros	K9us	Prismarine Shard	0.0	0.0	64	world	[-2746, 22, 1824]
2019	01	19	03	50	57	Aewheros	K9us	Prismarine Shard	0.0	0.0	64	world	[-2748, 22, 1824]
2019	01	19	03	50	57	Aewheros	K9us	Prismarine Shard	0.0	0.0	64	world	[-2748, 22, 1824]
2019	01	19	03	50	58	Aewheros	K9us	Prismarine Shard	0.0	0.0	64	world	[-2748, 22, 1824]
2019	01	19	03	50	58	Aewheros	K9us	Prismarine Shard	0.0	0.0	64	world	[-2748, 22, 1824]
2019	01	19	03	50	59	Aewheros	K9us	Prismarine Shard	0.0	0.0	64	world	[-2748, 22, 1824]
2019	01	19	03	51	00	Aewheros	K9us	Prismarine Shard	0.0	0.0	64	world	[-2748, 22, 1824]
2019	01	19	03	51	00	Aewheros	K9us	Prismarine Shard	0.0	0.0	64	world	[-2748, 22, 1824]
2019	01	19	03	51	01	Aewheros	K9us	Prismarine Shard	0.0	0.0	64	world	[-2748, 22, 1824]
2019	01	19	03	51	02	Aewheros	K9us	Prismarine Shard	0.0	0.0	64	world	[-2748, 22, 1824]
2019	01	19	03	51	02	Aewheros	K9us	Prismarine Shard	0.0	0.0	64	world	[-2748, 22, 1824]
2019	01	19	03	51	03	Aewheros	K9us	Prismarine Shard	0.0	0.0	57	world	[-2748, 22, 1824]
2019	01	19	03	51	16	Aewheros	K9us	Prismarine Shard	0.0	0.0	64	world	[-2748, 22, 1824]
2019	01	19	03	51	16	Aewheros	K9us	Prismarine Shard	0.0	0.0	64	world	[-2748, 22, 1824]
2019	01	19	03	51	17	Aewheros	K9us	Prismarine Shard	0.0	0.0	64	world	[-2748, 22, 1824]
2019	01	19	03	51	17	Aewheros	K9us	Prismarine Shard	0.0	0.0	64	world	[-2748, 22, 1824]
2019	01	19	03	51	18	Aewheros	K9us	Prismarine Shard	0.0	0.0	64	world	[-2748, 22, 1824]
2019	01	19	03	51	19	Aewheros	K9us	Prismarine Shard	0.0	0.0	64	world	[-2748, 22, 1824]
2019	01	19	03	51	19	Aewheros	K9us	Prismarine Shard	0.0	0.0	64	world	[-2748, 22, 1824]
2019	01	19	03	51	20	Aewheros	K9us	Prismarine Shard	0.0	0.0	2	world	[-2748, 22, 1824]
2019	01	19	03	51	21	Aewheros	K9us	Prismarine Shard	0.0	0.0	2	world	[-2748, 22, 1824]
2019	01	19	03	51	22	Aewheros	K9us	Prismarine Shard	0.0	0.0	64	world	[-2749, 22, 1824]
2019	01	19	03	51	22	Aewheros	K9us	Prismarine Shard	0.0	0.0	64	world	[-2749, 22, 1824]
2019	01	19	03	51	23	Aewheros	K9us	Prismarine Shard	0.0	0.0	58	world	[-2749, 22, 1824]
2019	01	19	03	51	33	Aewheros	K9us	Prismarine Shard	0.0	0.0	64	world	[-2749, 22, 1824]
2019	01	19	03	51	34	Aewheros	K9us	Prismarine Shard	0.0	0.0	64	world	[-2749, 22, 1824]
2019	01	19	03	51	34	Aewheros	K9us	Prismarine Shard	0.0	0.0	64	world	[-2749, 22, 1824]
2019	01	19	03	51	35	Aewheros	K9us	Prismarine Shard	0.0	0.0	64	world	[-2749, 22, 1824]
2019	01	19	03	51	35	Aewheros	K9us	Prismarine Shard	0.0	0.0	64	world	[-2749, 22, 1824]
2019	01	19	03	51	36	Aewheros	K9us	Prismarine Shard	0.0	0.0	64	world	[-2749, 22, 1824]
2019	01	19	03	51	37	Aewheros	K9us	Prismarine Shard	0.0	0.0	64	world	[-2749, 22, 1824]
2019	01	19	03	51	37	Aewheros	K9us	Prismarine Shard	0.0	0.0	64	world	[-2749, 22, 1824]
2019	01	19	03	51	40	Aewheros	K9us	Prismarine Shard	0.0	0.0	63	world	[-2749, 22, 1824]
2019	01	19	03	51	47	Aewheros	K9us	Prismarine Shard	0.0	0.0	64	world	[-2749, 22, 1824]
2019	01	19	03	51	48	Aewheros	K9us	Prismarine Shard	0.0	0.0	64	world	[-2749, 22, 1824]
2019	01	19	03	51	49	Aewheros	K9us	Prismarine Shard	0.0	0.0	64	world	[-2749, 22, 1824]
2019	01	19	03	51	49	Aewheros	K9us	Prismarine Shard	0.0	0.0	64	world	[-2749, 22, 1824]
2019	01	19	03	51	50	Aewheros	K9us	Prismarine Shard	0.0	0.0	64	world	[-2749, 22, 1824]
2019	01	19	03	51	51	Aewheros	K9us	Prismarine Shard	0.0	0.0	64	world	[-2749, 22, 1824]
2019	01	19	03	51	51	Aewheros	K9us	Prismarine Shard	0.0	0.0	64	world	[-2749, 22, 1824]
2019	01	19	03	51	52	Aewheros	K9us	Prismarine Shard	0.0	0.0	64	world	[-2749, 22, 1824]
2019	01	19	03	51	59	Aewheros	K9us	Prismarine Shard	0.0	0.0	64	world	[-2749, 22, 1824]
2019	01	19	03	51	59	Aewheros	K9us	Prismarine Shard	0.0	0.0	64	world	[-2749, 22, 1824]
2019	01	19	03	52	00	Aewheros	K9us	Prismarine Shard	0.0	0.0	64	world	[-2749, 22, 1824]
2019	01	19	03	52	01	Aewheros	K9us	Prismarine Shard	0.0	0.0	64	world	[-2749, 22, 1824]
2019	01	19	03	52	01	Aewheros	K9us	Prismarine Shard	0.0	0.0	64	world	[-2749, 22, 1824]
2019	01	19	03	52	02	Aewheros	K9us	Prismarine Shard	0.0	0.0	64	world	[-2749, 22, 1824]
2019	01	19	03	52	03	Aewheros	K9us	Prismarine Shard	0.0	0.0	56	world	[-2749, 22, 1824]
2019	01	19	03	52	10	Aewheros	K9us	Prismarine Shard	0.0	0.0	64	world	[-2749, 22, 1824]
2019	01	19	03	52	10	Aewheros	K9us	Prismarine Shard	0.0	0.0	64	world	[-2749, 22, 1824]
2019	01	19	03	52	11	Aewheros	K9us	Prismarine Shard	0.0	0.0	64	world	[-2749, 22, 1824]
2019	01	19	03	52	11	Aewheros	K9us	Prismarine Shard	0.0	0.0	64	world	[-2749, 22, 1824]
2019	01	19	03	52	12	Aewheros	K9us	Prismarine Shard	0.0	0.0	64	world	[-2749, 22, 1824]
2019	01	19	03	52	13	Aewheros	K9us	Prismarine Shard	0.0	0.0	57	world	[-2749, 22, 1824]
2019	01	19	03	52	20	Aewheros	K9us	Prismarine Shard	0.0	0.0	64	world	[-2749, 22, 1824]
2019	01	19	03	52	20	Aewheros	K9us	Prismarine Shard	0.0	0.0	64	world	[-2749, 22, 1824]
2019	01	19	03	52	21	Aewheros	K9us	Prismarine Shard	0.0	0.0	64	world	[-2749, 22, 1824]
2019	01	19	03	52	22	Aewheros	K9us	Prismarine Shard	0.0	0.0	64	world	[-2749, 22, 1824]
2019	01	19	03	52	22	Aewheros	K9us	Prismarine Shard	0.0	0.0	64	world	[-2749, 22, 1824]
2019	01	19	03	52	23	Aewheros	K9us	Prismarine Shard	0.0	0.0	58	world	[-2749, 22, 1824]
2019	01	19	03	52	32	Aewheros	K9us	Prismarine Shard	0.0	0.0	64	world	[-2749, 22, 1824]
2019	01	19	03	52	32	Aewheros	K9us	Prismarine Shard	0.0	0.0	64	world	[-2749, 22, 1824]
2019	01	19	03	52	33	Aewheros	K9us	Prismarine Shard	0.0	0.0	64	world	[-2749, 22, 1824]
2019	01	19	03	52	33	Aewheros	K9us	Prismarine Shard	0.0	0.0	64	world	[-2749, 22, 1824]
2019	01	19	03	52	34	Aewheros	K9us	Prismarine Shard	0.0	0.0	58	world	[-2749, 22, 1824]
2019	01	19	03	52	42	Aewheros	K9us	Prismarine Shard	0.0	0.0	64	world	[-2749, 22, 1824]
2019	01	19	03	52	43	Aewheros	K9us	Prismarine Shard	0.0	0.0	64	world	[-2749, 22, 1824]
2019	01	19	03	52	43	Aewheros	K9us	Prismarine Shard	0.0	0.0	64	world	[-2749, 22, 1824]
2019	01	19	03	52	44	Aewheros	K9us	Prismarine Shard	0.0	0.0	59	world	[-2749, 22, 1824]
2019	01	19	03	53	14	Aewheros	K9us	Prismarine Shard	0.0	0.0	64	world	[-2749, 22, 1824]
2019	01	19	03	53	15	Aewheros	K9us	Prismarine Shard	0.0	0.0	64	world	[-2749, 22, 1824]
2019	01	19	03	53	16	Aewheros	K9us	Prismarine Shard	0.0	0.0	64	world	[-2749, 22, 1824]
2019	01	19	03	53	16	Aewheros	K9us	Prismarine Shard	0.0	0.0	6	world	[-2749, 22, 1824]
2019	01	19	03	53	17	Aewheros	K9us	Prismarine Shard	0.0	0.0	58	world	[-2748, 22, 1824]
2019	01	19	03	53	18	Aewheros	K9us	Prismarine Shard	0.0	0.0	2	world	[-2748, 22, 1824]
2019	01	19	03	53	19	Aewheros	K9us	Prismarine Shard	0.0	0.0	6	world	[-2749, 22, 1824]
2019	01	19	03	53	20	Aewheros	K9us	Prismarine Shard	0.0	0.0	2	world	[-2749, 22, 1824]
2019	01	19	03	53	20	Aewheros	K9us	Prismarine Shard	0.0	0.0	2	world	[-2749, 22, 1824]
2019	01	19	03	53	21	Aewheros	K9us	Prismarine Shard	0.0	0.0	2	world	[-2749, 22, 1824]
2019	01	19	03	53	23	Aewheros	K9us	Prismarine Shard	0.0	0.0	64	world	[-2750, 22, 1824]
2019	01	19	03	53	24	Aewheros	K9us	Prismarine Shard	0.0	0.0	64	world	[-2750, 22, 1824]
2019	01	19	03	53	25	Aewheros	K9us	Prismarine Shard	0.0	0.0	64	world	[-2750, 22, 1824]
2019	01	19	03	53	25	Aewheros	K9us	Prismarine Shard	0.0	0.0	64	world	[-2750, 22, 1824]
2019	01	19	03	53	26	Aewheros	K9us	Prismarine Shard	0.0	0.0	64	world	[-2750, 22, 1824]
2019	01	19	03	53	27	Aewheros	K9us	Prismarine Shard	0.0	0.0	64	world	[-2750, 22, 1824]
2019	01	19	03	53	28	Aewheros	K9us	Prismarine Shard	0.0	0.0	64	world	[-2750, 22, 1824]
2019	01	19	03	53	28	Aewheros	K9us	Prismarine Shard	0.0	0.0	64	world	[-2750, 22, 1824]
2019	01	19	03	53	29	Aewheros	K9us	Prismarine Shard	0.0	0.0	64	world	[-2750, 22, 1824]
2019	01	19	03	53	30	Aewheros	K9us	Prismarine Shard	0.0	0.0	64	world	[-2750, 22, 1824]
2019	01	19	03	53	31	Aewheros	K9us	Prismarine Shard	0.0	0.0	64	world	[-2750, 22, 1824]
2019	01	19	03	53	32	Aewheros	K9us	Prismarine Shard	0.0	0.0	64	world	[-2750, 22, 1824]
2019	01	19	03	53	32	Aewheros	K9us	Prismarine Shard	0.0	0.0	64	world	[-2750, 22, 1824]
2019	01	19	03	53	33	Aewheros	K9us	Prismarine Shard	0.0	0.0	64	world	[-2750, 22, 1824]
2019	01	19	03	53	34	Aewheros	K9us	Prismarine Shard	0.0	0.0	46	world	[-2750, 22, 1824]
2019	01	19	03	53	46	Aewheros	K9us	Prismarine Shard	0.0	0.0	64	world	[-2750, 22, 1824]
2019	01	19	03	53	47	Aewheros	K9us	Prismarine Shard	0.0	0.0	64	world	[-2750, 22, 1824]
2019	01	19	03	53	48	Aewheros	K9us	Prismarine Shard	0.0	0.0	64	world	[-2750, 22, 1824]
2019	01	19	03	53	49	Aewheros	K9us	Prismarine Shard	0.0	0.0	64	world	[-2750, 22, 1824]
2019	01	19	03	53	50	Aewheros	K9us	Prismarine Shard	0.0	0.0	64	world	[-2750, 22, 1824]
2019	01	19	03	53	50	Aewheros	K9us	Prismarine Shard	0.0	0.0	64	world	[-2750, 22, 1824]
2019	01	19	03	53	51	Aewheros	K9us	Prismarine Shard	0.0	0.0	64	world	[-2750, 22, 1824]
2019	01	19	03	53	52	Aewheros	K9us	Prismarine Shard	0.0	0.0	64	world	[-2750, 22, 1824]
2019	01	19	03	53	52	Aewheros	K9us	Prismarine Shard	0.0	0.0	64	world	[-2750, 22, 1824]
2019	01	19	03	53	53	Aewheros	K9us	Prismarine Shard	0.0	0.0	64	world	[-2750, 22, 1824]
2019	01	19	03	53	54	Aewheros	K9us	Prismarine Shard	0.0	0.0	64	world	[-2750, 22, 1824]
2019	01	19	03	53	54	Aewheros	K9us	Prismarine Shard	0.0	0.0	64	world	[-2750, 22, 1824]
2019	01	19	03	53	55	Aewheros	K9us	Prismarine Shard	0.0	0.0	64	world	[-2750, 22, 1824]
2019	01	19	03	53	56	Aewheros	K9us	Prismarine Shard	0.0	0.0	64	world	[-2750, 22, 1824]
2019	01	19	03	53	56	Aewheros	K9us	Prismarine Shard	0.0	0.0	64	world	[-2750, 22, 1824]
2019	01	19	03	53	57	Aewheros	K9us	Prismarine Shard	0.0	0.0	63	world	[-2750, 22, 1824]
2019	01	19	03	54	06	Aewheros	K9us	Prismarine Shard	0.0	0.0	64	world	[-2750, 22, 1824]
2019	01	19	03	54	07	Aewheros	K9us	Prismarine Shard	0.0	0.0	64	world	[-2750, 22, 1824]
2019	01	19	03	54	07	Aewheros	K9us	Prismarine Shard	0.0	0.0	64	world	[-2750, 22, 1824]
2019	01	19	03	54	08	Aewheros	K9us	Prismarine Shard	0.0	0.0	64	world	[-2750, 22, 1824]
2019	01	19	03	54	09	Aewheros	K9us	Prismarine Shard	0.0	0.0	64	world	[-2750, 22, 1824]
2019	01	19	03	54	09	Aewheros	K9us	Prismarine Shard	0.0	0.0	64	world	[-2750, 22, 1824]
2019	01	19	03	54	10	Aewheros	K9us	Prismarine Shard	0.0	0.0	64	world	[-2750, 22, 1824]
2019	01	19	03	54	10	Aewheros	K9us	Prismarine Shard	0.0	0.0	64	world	[-2750, 22, 1824]
2019	01	19	03	54	11	Aewheros	K9us	Prismarine Shard	0.0	0.0	64	world	[-2750, 22, 1824]
2019	01	19	03	54	12	Aewheros	K9us	Prismarine Shard	0.0	0.0	64	world	[-2750, 22, 1824]
2019	01	19	03	54	12	Aewheros	K9us	Prismarine Shard	0.0	0.0	64	world	[-2750, 22, 1824]
2019	01	19	03	54	13	Aewheros	K9us	Prismarine Shard	0.0	0.0	64	world	[-2750, 22, 1824]
2019	01	19	03	54	14	Aewheros	K9us	Prismarine Shard	0.0	0.0	64	world	[-2750, 22, 1824]
2019	01	19	03	54	14	Aewheros	K9us	Prismarine Shard	0.0	0.0	64	world	[-2750, 22, 1824]
2019	01	19	03	54	15	Aewheros	K9us	Prismarine Shard	0.0	0.0	57	world	[-2750, 22, 1824]
2019	01	19	03	54	23	Aewheros	K9us	Prismarine Shard	0.0	0.0	64	world	[-2750, 22, 1824]
2019	01	19	03	54	23	Aewheros	K9us	Prismarine Shard	0.0	0.0	64	world	[-2750, 22, 1824]
2019	01	19	03	54	24	Aewheros	K9us	Prismarine Shard	0.0	0.0	64	world	[-2750, 22, 1824]
2019	01	19	03	54	25	Aewheros	K9us	Prismarine Shard	0.0	0.0	64	world	[-2750, 22, 1824]
2019	01	19	03	54	25	Aewheros	K9us	Prismarine Shard	0.0	0.0	64	world	[-2750, 22, 1824]
2019	01	19	03	54	26	Aewheros	K9us	Prismarine Shard	0.0	0.0	64	world	[-2750, 22, 1824]
2019	01	19	03	54	26	Aewheros	K9us	Prismarine Shard	0.0	0.0	64	world	[-2750, 22, 1824]
2019	01	19	03	54	27	Aewheros	K9us	Prismarine Shard	0.0	0.0	64	world	[-2750, 22, 1824]
2019	01	19	03	54	28	Aewheros	K9us	Prismarine Shard	0.0	0.0	64	world	[-2750, 22, 1824]
2019	01	19	03	54	28	Aewheros	K9us	Prismarine Shard	0.0	0.0	64	world	[-2750, 22, 1824]
2019	01	19	03	54	29	Aewheros	K9us	Prismarine Shard	0.0	0.0	51	world	[-2750, 22, 1824]
2019	01	19	03	54	30	Aewheros	K9us	Prismarine Shard	0.0	0.0	2	world	[-2750, 22, 1824]
2019	01	19	03	54	31	Aewheros	K9us	Prismarine Shard	0.0	0.0	2	world	[-2750, 22, 1824]
2019	01	19	03	54	39	Aewheros	K9us	Prismarine Shard	0.0	0.0	17	world	[-2748, 22, 1824]
2019	01	19	03	54	41	Aewheros	K9us	Prismarine Shard	0.0	0.0	28	world	[-2746, 22, 1824]
2019	01	19	03	55	59	Aewheros	K9us	Prismarine Shard	0.0	0.0	10	world	[-2748, 22, 1824]
2019	01	19	03	56	01	Aewheros	K9us	Prismarine Shard	0.0	0.0	64	world	[-2749, 22, 1824]
2019	01	19	03	56	02	Aewheros	K9us	Prismarine Shard	0.0	0.0	64	world	[-2750, 22, 1824]
2019	01	19	03	56	03	Aewheros	K9us	Prismarine Shard	0.0	0.0	15	world	[-2749, 22, 1824]
2019	01	19	03	56	04	Aewheros	K9us	Prismarine Shard	0.0	0.0	64	world	[-2750, 22, 1824]
2019	01	19	03	56	05	Aewheros	K9us	Prismarine Shard	0.0	0.0	55	world	[-2750, 22, 1824]
2019	01	19	03	56	06	Aewheros	K9us	Prismarine Shard	0.0	0.0	4	world	[-2750, 22, 1824]
2019	01	19	17	41	24	Aewheros	K9us	Prismarine Shard	0.0	0.0	64	world	[-2750, 22, 1824]
2019	01	19	17	41	26	Aewheros	K9us	Prismarine Shard	0.0	0.0	64	world	[-2749, 22, 1824]
2019	01	19	17	41	27	Aewheros	K9us	Prismarine Shard	0.0	0.0	43	world	[-2748, 22, 1824]
2019	01	19	17	41	44	Aewheros	K9us	Prismarine Shard	0.0	0.0	64	world	[-2750, 22, 1824]
2019	01	19	17	41	45	Aewheros	K9us	Prismarine Shard	0.0	0.0	16	world	[-2749, 22, 1824]
2019	01	19	17	41	46	Aewheros	K9us	Prismarine Shard	0.0	0.0	4	world	[-2748, 22, 1824]
2019	01	19	17	42	25	Aewheros	K9us	Prismarine Shard	0.0	0.0	64	world	[-2750, 22, 1824]
2019	01	19	17	42	26	Aewheros	K9us	Prismarine Shard	0.0	0.0	15	world	[-2749, 22, 1824]
2019	01	19	17	42	27	Aewheros	K9us	Prismarine Shard	0.0	0.0	64	world	[-2750, 22, 1824]
2019	01	19	17	43	13	Aewheros	K9us	Prismarine Shard	0.0	0.0	37	world	[-2750, 22, 1824]
2019	01	22	15	36	20	Aewheros	K9us	Prismarine Shard	0.0	0.0	64	world	[-2750, 22, 1824]
2019	01	22	15	36	23	Aewheros	K9us	Prismarine Shard	0.0	0.0	64	world	[-2750, 22, 1824]
2019	01	22	15	36	24	Aewheros	K9us	Prismarine Shard	0.0	0.0	64	world	[-2749, 22, 1824]
2019	01	22	15	36	26	Aewheros	K9us	Prismarine Shard	0.0	0.0	64	world	[-2749, 22, 1824]
2019	01	22	15	36	27	Aewheros	K9us	Prismarine Shard	0.0	0.0	64	world	[-2748, 22, 1824]
2019	01	22	15	36	29	Aewheros	K9us	Prismarine Shard	0.0	0.0	64	world	[-2748, 22, 1824]
2019	01	22	15	36	32	Aewheros	K9us	Prismarine Shard	0.0	0.0	64	world	[-2746, 22, 1824]
2019	01	22	15	36	33	Aewheros	K9us	Prismarine Shard	0.0	0.0	64	world	[-2746, 22, 1824]
2019	01	22	15	36	35	Aewheros	K9us	Prismarine Shard	0.0	0.0	64	world	[-2750, 22, 1824]
2019	01	22	15	36	36	Aewheros	K9us	Prismarine Shard	0.0	0.0	64	world	[-2750, 22, 1824]
2019	01	22	15	36	37	Aewheros	K9us	Prismarine Shard	0.0	0.0	64	world	[-2749, 22, 1824]
2019	01	22	15	36	39	Aewheros	K9us	Prismarine Shard	0.0	0.0	64	world	[-2749, 22, 1824]
2019	01	22	15	36	40	Aewheros	K9us	Prismarine Shard	0.0	0.0	64	world	[-2748, 22, 1824]
2019	01	22	15	36	42	Aewheros	K9us	Prismarine Shard	0.0	0.0	64	world	[-2748, 22, 1824]
2019	01	22	15	36	43	Aewheros	K9us	Prismarine Shard	0.0	0.0	64	world	[-2746, 22, 1824]
2019	01	22	15	36	45	Aewheros	K9us	Prismarine Shard	0.0	0.0	64	world	[-2746, 22, 1824]
2019	01	22	15	36	46	Aewheros	K9us	Prismarine Shard	0.0	0.0	64	world	[-2750, 22, 1824]
2019	01	22	15	36	48	Aewheros	K9us	Prismarine Shard	0.0	0.0	64	world	[-2750, 22, 1824]
2019	01	22	15	36	49	Aewheros	K9us	Prismarine Shard	0.0	0.0	64	world	[-2749, 22, 1824]
2019	01	22	15	36	50	Aewheros	K9us	Prismarine Shard	0.0	0.0	64	world	[-2749, 22, 1824]
2019	01	22	15	37	13	Aewheros	K9us	Prismarine Shard	0.0	0.0	64	world	[-2746, 22, 1824]
2019	01	22	15	37	14	Aewheros	K9us	Prismarine Shard	0.0	0.0	64	world	[-2746, 22, 1824]
2019	01	22	15	37	17	Aewheros	K9us	Prismarine Shard	0.0	0.0	64	world	[-2748, 22, 1824]
2019	01	22	15	37	18	Aewheros	K9us	Prismarine Shard	0.0	0.0	64	world	[-2748, 22, 1824]
2019	01	22	15	37	19	Aewheros	K9us	Prismarine Shard	0.0	0.0	64	world	[-2749, 22, 1824]
2019	01	22	15	37	20	Aewheros	K9us	Prismarine Shard	0.0	0.0	64	world	[-2749, 22, 1824]
2019	01	22	15	37	21	Aewheros	K9us	Prismarine Shard	0.0	0.0	64	world	[-2750, 22, 1824]
2019	01	22	15	37	22	Aewheros	K9us	Prismarine Shard	0.0	0.0	64	world	[-2750, 22, 1824]
2019	01	22	15	37	23	Aewheros	K9us	Prismarine Shard	0.0	0.0	64	world	[-2749, 22, 1824]
2019	01	22	15	37	24	Aewheros	K9us	Prismarine Shard	0.0	0.0	64	world	[-2749, 22, 1824]
2019	01	22	15	37	25	Aewheros	K9us	Prismarine Shard	0.0	0.0	64	world	[-2748, 22, 1824]
2019	01	22	15	37	26	Aewheros	K9us	Prismarine Shard	0.0	0.0	64	world	[-2748, 22, 1824]
2019	01	22	15	37	28	Aewheros	K9us	Prismarine Shard	0.0	0.0	64	world	[-2746, 22, 1824]
2019	01	22	15	37	29	Aewheros	K9us	Prismarine Shard	0.0	0.0	64	world	[-2746, 22, 1824]
2019	01	22	15	37	50	Aewheros	K9us	Prismarine Shard	0.0	0.0	64	world	[-2750, 22, 1824]
2019	01	22	15	37	51	Aewheros	K9us	Prismarine Shard	0.0	0.0	64	world	[-2750, 22, 1824]
2019	01	22	15	37	52	Aewheros	K9us	Prismarine Shard	0.0	0.0	64	world	[-2749, 22, 1824]
2019	01	22	15	37	53	Aewheros	K9us	Prismarine Shard	0.0	0.0	64	world	[-2749, 22, 1824]
2019	01	22	15	37	55	Aewheros	K9us	Prismarine Shard	0.0	0.0	64	world	[-2748, 22, 1824]
2019	01	22	15	37	55	Aewheros	K9us	Prismarine Shard	0.0	0.0	64	world	[-2748, 22, 1824]
2019	01	22	15	37	59	Aewheros	K9us	Prismarine Shard	0.0	0.0	64	world	[-2746, 22, 1824]
2019	01	22	15	38	00	Aewheros	K9us	Prismarine Shard	0.0	0.0	64	world	[-2746, 22, 1824]
2019	01	22	15	38	01	Aewheros	K9us	Prismarine Shard	0.0	0.0	64	world	[-2746, 22, 1824]
2019	01	22	15	38	02	Aewheros	K9us	Prismarine Shard	0.0	0.0	64	world	[-2746, 22, 1824]
2019	01	22	15	38	03	Aewheros	K9us	Prismarine Shard	0.0	0.0	64	world	[-2748, 22, 1824]
2019	01	22	15	38	04	Aewheros	K9us	Prismarine Shard	0.0	0.0	64	world	[-2748, 22, 1824]
2019	01	22	15	38	05	Aewheros	K9us	Prismarine Shard	0.0	0.0	64	world	[-2749, 22, 1824]
2019	01	22	15	38	05	Aewheros	K9us	Prismarine Shard	0.0	0.0	64	world	[-2749, 22, 1824]
2019	01	22	15	38	06	Aewheros	K9us	Prismarine Shard	0.0	0.0	64	world	[-2750, 22, 1824]
2019	01	22	15	38	07	Aewheros	K9us	Prismarine Shard	0.0	0.0	57	world	[-2750, 22, 1824]
2019	01	22	15	38	44	Aewheros	K9us	Prismarine Shard	0.0	0.0	64	world	[-2748, 22, 1824]
2019	01	22	15	38	45	Aewheros	K9us	Prismarine Shard	0.0	0.0	64	world	[-2749, 22, 1824]
2019	01	22	15	38	46	Aewheros	K9us	Prismarine Shard	0.0	0.0	64	world	[-2750, 22, 1824]
2019	01	22	15	39	08	Aewheros	K9us	Prismarine Shard	2.0	128.0	64	world	[-2746, 21, 1824]
2019	01	22	15	39	09	Aewheros	K9us	Prismarine Shard	2.0	128.0	64	world	[-2748, 21, 1824]
2019	01	22	15	39	10	Aewheros	K9us	Prismarine Shard	0.0	0.0	64	world	[-2749, 22, 1824]
2019	01	22	15	39	10	Aewheros	K9us	Prismarine Shard	0.0	0.0	64	world	[-2748, 22, 1824]
2019	01	22	15	39	11	Aewheros	K9us	Prismarine Shard	0.0	0.0	64	world	[-2750, 22, 1824]
2019	01	22	16	17	27	Aewheros	K9us	Prismarine Shard	0.0	0.0	64	world	[-2748, 22, 1824]
2019	01	22	16	17	28	Aewheros	K9us	Prismarine Shard	0.0	0.0	64	world	[-2749, 22, 1824]
2019	01	22	16	17	28	Aewheros	K9us	Prismarine Shard	0.0	0.0	64	world	[-2750, 22, 1824]
2019	01	22	16	17	29	Aewheros	K9us	Prismarine Shard	0.0	0.0	64	world	[-2750, 22, 1824]
2019	01	22	16	17	30	Aewheros	K9us	Prismarine Shard	0.0	0.0	64	world	[-2749, 22, 1824]
2019	01	22	16	17	30	Aewheros	K9us	Prismarine Shard	0.0	0.0	64	world	[-2748, 22, 1824]
2019	01	22	16	17	54	Aewheros	K9us	Prismarine Shard	0.0	0.0	64	world	[-2750, 22, 1824]
2019	01	22	16	17	54	Aewheros	K9us	Prismarine Shard	0.0	0.0	64	world	[-2749, 22, 1824]
2019	01	22	16	17	55	Aewheros	K9us	Prismarine Shard	0.0	0.0	64	world	[-2748, 22, 1824]
2019	01	22	16	17	56	Aewheros	K9us	Prismarine Shard	0.0	0.0	64	world	[-2749, 22, 1824]
2019	01	22	16	17	57	Aewheros	K9us	Prismarine Shard	0.0	0.0	64	world	[-2749, 22, 1824]
2019	01	22	16	17	57	Aewheros	K9us	Prismarine Shard	0.0	0.0	64	world	[-2749, 22, 1824]
2019	01	22	16	25	27	Aewheros	K9us	Prismarine Shard	0.0	0.0	64	world	[-2748, 22, 1824]
2019	01	22	16	25	28	Aewheros	K9us	Prismarine Shard	0.0	0.0	64	world	[-2748, 22, 1824]
2019	01	22	16	25	28	Aewheros	K9us	Prismarine Shard	0.0	0.0	64	world	[-2749, 22, 1824]
2019	01	22	16	25	29	Aewheros	K9us	Prismarine Shard	0.0	0.0	64	world	[-2749, 22, 1824]
2019	01	22	16	25	30	Aewheros	K9us	Prismarine Shard	0.0	0.0	64	world	[-2750, 22, 1824]
2019	01	22	16	28	06	Aewheros	K9us	Prismarine Shard	0.0	0.0	64	world	[-2750, 22, 1824]
2019	01	22	16	28	06	Aewheros	K9us	Prismarine Shard	0.0	0.0	64	world	[-2749, 22, 1824]
2019	01	22	16	28	09	Aewheros	K9us	Prismarine Shard	0.0	0.0	64	world	[-2748, 22, 1824]
2019	01	22	16	49	25	Aewheros	K9us	Prismarine Shard	0.0	0.0	1	world	[-2750, 22, 1824]
2019	01	22	16	49	26	Aewheros	K9us	Prismarine Shard	0.0	0.0	1	world	[-2750, 22, 1824]
2019	01	22	16	49	36	Aewheros	K9us	Prismarine Shard	0.0	0.0	64	world	[-2750, 22, 1824]
2019	01	22	16	49	36	Aewheros	K9us	Prismarine Shard	0.0	0.0	64	world	[-2750, 22, 1824]
2019	01	22	16	52	49	Aewheros	K9us	Prismarine Shard	0.0	0.0	64	world	[-2750, 22, 1824]
2019	01	22	16	52	50	Aewheros	K9us	Prismarine Shard	0.0	0.0	64	world	[-2750, 22, 1824]
2019	01	22	16	52	51	Aewheros	K9us	Prismarine Shard	0.0	0.0	64	world	[-2750, 22, 1824]
2019	01	22	16	52	52	Aewheros	K9us	Prismarine Shard	0.0	0.0	64	world	[-2750, 22, 1824]
2019	01	22	16	52	52	Aewheros	K9us	Prismarine Shard	0.0	0.0	64	world	[-2750, 22, 1824]
2019	01	22	16	52	53	Aewheros	K9us	Prismarine Shard	0.0	0.0	64	world	[-2749, 22, 1824]
2019	01	22	16	52	53	Aewheros	K9us	Prismarine Shard	0.0	0.0	64	world	[-2749, 22, 1824]
2019	01	22	16	52	54	Aewheros	K9us	Prismarine Shard	0.0	0.0	64	world	[-2749, 22, 1824]
2019	01	22	16	52	55	Aewheros	K9us	Prismarine Shard	0.0	0.0	64	world	[-2749, 22, 1824]
2019	01	22	16	53	27	Aewheros	K9us	Prismarine Shard	0.0	0.0	64	world	[-2750, 22, 1824]
2019	01	22	16	53	28	Aewheros	K9us	Prismarine Shard	0.0	0.0	64	world	[-2750, 22, 1824]
2019	01	22	16	53	29	Aewheros	K9us	Prismarine Shard	0.0	0.0	64	world	[-2750, 22, 1824]
2019	01	22	16	53	29	Aewheros	K9us	Prismarine Shard	0.0	0.0	64	world	[-2750, 22, 1824]
2019	01	22	16	53	30	Aewheros	K9us	Prismarine Shard	0.0	0.0	64	world	[-2749, 22, 1824]
2019	01	22	16	53	31	Aewheros	K9us	Prismarine Shard	0.0	0.0	64	world	[-2749, 22, 1824]
2019	01	22	16	53	32	Aewheros	K9us	Prismarine Shard	0.0	0.0	64	world	[-2749, 22, 1824]
2019	01	22	16	53	32	Aewheros	K9us	Prismarine Shard	0.0	0.0	64	world	[-2749, 22, 1824]
2019	01	22	16	53	53	Aewheros	K9us	Prismarine Shard	0.0	0.0	64	world	[-2746, 22, 1824]
2019	01	22	16	53	53	Aewheros	K9us	Prismarine Shard	0.0	0.0	64	world	[-2746, 22, 1824]
2019	01	22	16	53	54	Aewheros	K9us	Prismarine Shard	0.0	0.0	64	world	[-2746, 22, 1824]
2019	01	22	16	53	54	Aewheros	K9us	Prismarine Shard	0.0	0.0	64	world	[-2746, 22, 1824]
2019	01	22	16	53	55	Aewheros	K9us	Prismarine Shard	0.0	0.0	64	world	[-2746, 22, 1824]
2019	01	22	16	53	56	Aewheros	K9us	Prismarine Shard	0.0	0.0	64	world	[-2748, 22, 1824]
2019	01	22	16	53	57	Aewheros	K9us	Prismarine Shard	0.0	0.0	56	world	[-2748, 22, 1824]
2019	01	22	16	54	11	Aewheros	K9us	Prismarine Shard	0.0	0.0	64	world	[-2746, 22, 1824]
2019	01	22	16	54	12	Aewheros	K9us	Prismarine Shard	0.0	0.0	64	world	[-2746, 22, 1824]
2019	01	22	16	54	13	Aewheros	K9us	Prismarine Shard	0.0	0.0	64	world	[-2746, 22, 1824]
2019	01	22	16	54	13	Aewheros	K9us	Prismarine Shard	0.0	0.0	64	world	[-2746, 22, 1824]
2019	01	22	16	54	14	Aewheros	K9us	Prismarine Shard	0.0	0.0	64	world	[-2746, 22, 1824]
2019	01	22	16	54	15	Aewheros	K9us	Prismarine Shard	0.0	0.0	57	world	[-2746, 22, 1824]
2019	01	22	16	54	22	Aewheros	K9us	Prismarine Shard	0.0	0.0	64	world	[-2749, 22, 1824]
2019	01	22	16	54	23	Aewheros	K9us	Prismarine Shard	0.0	0.0	64	world	[-2749, 22, 1824]
2019	01	22	16	54	24	Aewheros	K9us	Prismarine Shard	0.0	0.0	64	world	[-2749, 22, 1824]
2019	01	22	16	54	24	Aewheros	K9us	Prismarine Shard	0.0	0.0	64	world	[-2749, 22, 1824]
2019	01	22	16	54	25	Aewheros	K9us	Prismarine Shard	0.0	0.0	64	world	[-2749, 22, 1824]
2019	01	22	16	54	25	Aewheros	K9us	Prismarine Shard	0.0	0.0	58	world	[-2750, 22, 1824]
2019	01	22	16	54	56	Aewheros	K9us	Prismarine Shard	0.0	0.0	64	world	[-2748, 22, 1824]
2019	01	22	16	54	57	Aewheros	K9us	Prismarine Shard	0.0	0.0	64	world	[-2748, 22, 1824]
2019	01	22	16	54	58	Aewheros	K9us	Prismarine Shard	0.0	0.0	64	world	[-2749, 22, 1824]
2019	01	22	16	54	59	Aewheros	K9us	Prismarine Shard	0.0	0.0	64	world	[-2750, 22, 1824]
2019	01	22	16	55	00	Aewheros	K9us	Prismarine Shard	0.0	0.0	64	world	[-2750, 22, 1824]
2019	01	22	16	55	00	Aewheros	K9us	Prismarine Shard	0.0	0.0	64	world	[-2750, 22, 1824]
2019	01	22	16	55	01	Aewheros	K9us	Prismarine Shard	0.0	0.0	64	world	[-2749, 22, 1824]
2019	01	22	16	55	02	Aewheros	K9us	Prismarine Shard	0.0	0.0	64	world	[-2749, 22, 1824]
2019	01	22	16	55	02	Aewheros	K9us	Prismarine Shard	0.0	0.0	64	world	[-2748, 22, 1824]
2019	01	22	16	55	05	Aewheros	K9us	Prismarine Shard	0.0	0.0	64	world	[-2746, 22, 1824]
2019	01	22	16	55	06	Aewheros	K9us	Prismarine Shard	0.0	0.0	64	world	[-2746, 22, 1824]
2019	01	22	16	55	07	Aewheros	K9us	Prismarine Shard	0.0	0.0	64	world	[-2746, 22, 1824]
2019	01	22	16	55	07	Aewheros	K9us	Prismarine Shard	0.0	0.0	64	world	[-2746, 22, 1824]
2019	01	25	14	03	17	Aewheros	K9us	Prismarine Shard	0.0	0.0	64	world	[-2748, 22, 1824]
2019	01	25	14	03	19	Aewheros	K9us	Prismarine Shard	0.0	0.0	64	world	[-2749, 22, 1824]
2019	01	25	14	03	20	Aewheros	K9us	Prismarine Shard	0.0	0.0	64	world	[-2750, 22, 1824]
2019	01	25	14	03	21	Aewheros	K9us	Prismarine Shard	0.0	0.0	64	world	[-2748, 22, 1824]
2019	01	25	14	03	22	Aewheros	K9us	Prismarine Shard	0.0	0.0	64	world	[-2750, 22, 1824]
2019	01	25	14	03	22	Aewheros	K9us	Prismarine Shard	0.0	0.0	64	world	[-2748, 22, 1824]
2019	01	25	14	03	23	Aewheros	K9us	Prismarine Shard	0.0	0.0	64	world	[-2750, 22, 1824]
2019	01	25	14	03	27	Aewheros	K9us	Prismarine Shard	0.0	0.0	64	world	[-2748, 22, 1824]
2019	01	25	14	03	28	Aewheros	K9us	Prismarine Shard	0.0	0.0	64	world	[-2750, 22, 1824]
2019	01	25	14	03	29	Aewheros	K9us	Prismarine Shard	0.0	0.0	64	world	[-2748, 22, 1824]
2019	01	25	14	03	30	Aewheros	K9us	Prismarine Shard	0.0	0.0	64	world	[-2750, 22, 1824]
2019	01	25	14	03	30	Aewheros	K9us	Prismarine Shard	0.0	0.0	64	world	[-2749, 22, 1824]
2019	01	25	14	03	40	Aewheros	K9us	Prismarine Shard	0.0	0.0	64	world	[-2749, 22, 1824]
2019	01	25	14	03	41	Aewheros	K9us	Prismarine Shard	0.0	0.0	64	world	[-2749, 22, 1824]
2019	01	25	14	03	42	Aewheros	K9us	Prismarine Shard	0.0	0.0	64	world	[-2749, 22, 1824]
2019	01	25	14	03	42	Aewheros	K9us	Prismarine Shard	0.0	0.0	64	world	[-2749, 22, 1824]
2019	01	25	14	03	43	Aewheros	K9us	Prismarine Shard	0.0	0.0	64	world	[-2749, 22, 1824]
2019	01	25	14	03	44	Aewheros	K9us	Prismarine Shard	0.0	0.0	64	world	[-2748, 22, 1824]
2019	01	25	14	03	44	Aewheros	K9us	Prismarine Shard	0.0	0.0	64	world	[-2750, 22, 1824]
2019	01	25	14	03	45	Aewheros	K9us	Prismarine Shard	0.0	0.0	64	world	[-2748, 22, 1824]
2019	01	25	14	03	45	Aewheros	K9us	Prismarine Shard	0.0	0.0	64	world	[-2750, 22, 1824]
2019	01	25	14	03	46	Aewheros	K9us	Prismarine Shard	0.0	0.0	64	world	[-2749, 22, 1824]
2019	01	25	14	03	47	Aewheros	K9us	Prismarine Shard	0.0	0.0	64	world	[-2748, 22, 1824]
2019	01	25	14	03	58	Aewheros	K9us	Prismarine Shard	0.0	0.0	1	world	[-2748, 22, 1824]
2019	01	25	14	03	59	Aewheros	K9us	Prismarine Shard	0.0	0.0	1	world	[-2750, 22, 1824]
2019	01	25	14	04	00	Aewheros	K9us	Prismarine Shard	0.0	0.0	1	world	[-2749, 22, 1824]
2019	01	25	14	04	01	Aewheros	K9us	Prismarine Shard	0.0	0.0	64	world	[-2748, 22, 1824]
2019	01	25	14	04	01	Aewheros	K9us	Prismarine Shard	0.0	0.0	64	world	[-2750, 22, 1824]
2019	01	25	14	04	02	Aewheros	K9us	Prismarine Shard	0.0	0.0	64	world	[-2748, 22, 1824]
2019	01	25	14	04	03	Aewheros	K9us	Prismarine Shard	0.0	0.0	64	world	[-2750, 22, 1824]
2019	01	25	14	04	03	Aewheros	K9us	Prismarine Shard	0.0	0.0	64	world	[-2748, 22, 1824]
2019	01	25	14	04	04	Aewheros	K9us	Prismarine Shard	0.0	0.0	64	world	[-2749, 22, 1824]
2019	01	25	14	04	04	Aewheros	K9us	Prismarine Shard	0.0	0.0	64	world	[-2749, 22, 1824]
2019	01	25	14	04	05	Aewheros	K9us	Prismarine Shard	0.0	0.0	64	world	[-2748, 22, 1824]
2019	01	25	14	04	06	Aewheros	K9us	Prismarine Shard	0.0	0.0	64	world	[-2750, 22, 1824]
2019	01	25	14	04	06	Aewheros	K9us	Prismarine Shard	0.0	0.0	64	world	[-2748, 22, 1824]
2019	01	25	14	04	07	Aewheros	K9us	Prismarine Shard	0.0	0.0	61	world	[-2749, 22, 1824]
2019	01	25	14	04	16	Aewheros	K9us	Prismarine Shard	0.0	0.0	1	world	[-2748, 22, 1824]
2019	01	25	14	04	17	Aewheros	K9us	Prismarine Shard	0.0	0.0	64	world	[-2749, 22, 1824]
2019	01	25	14	04	17	Aewheros	K9us	Prismarine Shard	0.0	0.0	64	world	[-2749, 22, 1824]
2019	01	25	14	04	18	Aewheros	K9us	Prismarine Shard	0.0	0.0	64	world	[-2748, 22, 1824]
2019	01	25	14	04	19	Aewheros	K9us	Prismarine Shard	0.0	0.0	64	world	[-2750, 22, 1824]
2019	01	25	14	04	19	Aewheros	K9us	Prismarine Shard	0.0	0.0	64	world	[-2748, 22, 1824]
2019	01	25	14	04	20	Aewheros	K9us	Prismarine Shard	0.0	0.0	64	world	[-2750, 22, 1824]
2019	01	25	14	04	20	Aewheros	K9us	Prismarine Shard	0.0	0.0	64	world	[-2748, 22, 1824]
2019	01	25	14	04	21	Aewheros	K9us	Prismarine Shard	0.0	0.0	64	world	[-2750, 22, 1824]
2019	01	25	14	04	21	Aewheros	K9us	Prismarine Shard	0.0	0.0	64	world	[-2748, 22, 1824]
2019	01	25	14	04	22	Aewheros	K9us	Prismarine Shard	0.0	0.0	64	world	[-2749, 22, 1824]
2019	01	25	14	04	23	Aewheros	K9us	Prismarine Shard	0.0	0.0	63	world	[-2750, 22, 1824]
2019	01	25	14	04	31	Aewheros	K9us	Prismarine Shard	0.0	0.0	1	world	[-2748, 22, 1824]
2019	01	25	14	04	32	Aewheros	K9us	Prismarine Shard	0.0	0.0	1	world	[-2750, 22, 1824]
2019	01	25	14	04	33	Aewheros	K9us	Prismarine Shard	0.0	0.0	64	world	[-2749, 22, 1824]
2019	01	25	14	04	33	Aewheros	K9us	Prismarine Shard	0.0	0.0	64	world	[-2749, 22, 1824]
2019	01	25	14	04	34	Aewheros	K9us	Prismarine Shard	0.0	0.0	64	world	[-2749, 22, 1824]
2019	01	25	14	04	34	Aewheros	K9us	Prismarine Shard	0.0	0.0	64	world	[-2750, 22, 1824]
2019	01	25	14	04	35	Aewheros	K9us	Prismarine Shard	0.0	0.0	64	world	[-2748, 22, 1824]
2019	01	25	14	04	36	Aewheros	K9us	Prismarine Shard	0.0	0.0	64	world	[-2750, 22, 1824]
2019	01	25	14	04	36	Aewheros	K9us	Prismarine Shard	0.0	0.0	64	world	[-2748, 22, 1824]
2019	01	25	14	04	37	Aewheros	K9us	Prismarine Shard	0.0	0.0	64	world	[-2750, 22, 1824]
2019	01	25	14	04	37	Aewheros	K9us	Prismarine Shard	0.0	0.0	64	world	[-2749, 22, 1824]
2019	01	25	14	04	38	Aewheros	K9us	Prismarine Shard	0.0	0.0	64	world	[-2748, 22, 1824]
2019	01	25	14	04	39	Aewheros	K9us	Prismarine Shard	0.0	0.0	62	world	[-2750, 22, 1824]
2019	01	25	14	04	48	Aewheros	K9us	Prismarine Shard	0.0	0.0	64	world	[-2748, 22, 1824]
2019	01	25	14	04	49	Aewheros	K9us	Prismarine Shard	0.0	0.0	64	world	[-2750, 22, 1824]
2019	01	25	14	04	50	Aewheros	K9us	Prismarine Shard	0.0	0.0	64	world	[-2748, 22, 1824]
2019	01	25	14	04	50	Aewheros	K9us	Prismarine Shard	0.0	0.0	64	world	[-2749, 22, 1824]
2019	01	25	14	04	51	Aewheros	K9us	Prismarine Shard	0.0	0.0	64	world	[-2748, 22, 1824]
2019	01	25	14	04	51	Aewheros	K9us	Prismarine Shard	0.0	0.0	64	world	[-2750, 22, 1824]
2019	01	25	14	04	52	Aewheros	K9us	Prismarine Shard	0.0	0.0	64	world	[-2748, 22, 1824]
2019	01	25	14	04	53	Aewheros	K9us	Prismarine Shard	0.0	0.0	64	world	[-2750, 22, 1824]
2019	01	25	14	04	53	Aewheros	K9us	Prismarine Shard	0.0	0.0	64	world	[-2748, 22, 1824]
2019	01	25	14	04	54	Aewheros	K9us	Prismarine Shard	0.0	0.0	64	world	[-2750, 22, 1824]
2019	01	25	14	04	54	Aewheros	K9us	Prismarine Shard	0.0	0.0	64	world	[-2748, 22, 1824]
2019	01	25	14	04	55	Aewheros	K9us	Prismarine Shard	0.0	0.0	64	world	[-2750, 22, 1824]
2019	01	25	14	05	27	Aewheros	K9us	Prismarine Shard	0.0	0.0	64	world	[-2748, 22, 1824]
2019	01	25	14	05	28	Aewheros	K9us	Prismarine Shard	0.0	0.0	64	world	[-2749, 22, 1824]
2019	01	25	14	05	28	Aewheros	K9us	Prismarine Shard	0.0	0.0	64	world	[-2750, 22, 1824]
2019	01	25	14	05	29	Aewheros	K9us	Prismarine Shard	0.0	0.0	64	world	[-2748, 22, 1824]
2019	01	25	14	05	30	Aewheros	K9us	Prismarine Shard	0.0	0.0	64	world	[-2750, 22, 1824]
2019	01	25	14	05	30	Aewheros	K9us	Prismarine Shard	0.0	0.0	64	world	[-2748, 22, 1824]
2019	01	25	14	05	31	Aewheros	K9us	Prismarine Shard	0.0	0.0	64	world	[-2750, 22, 1824]
2019	01	25	14	05	31	Aewheros	K9us	Prismarine Shard	0.0	0.0	64	world	[-2748, 22, 1824]
2019	01	25	14	09	29	Aewheros	K9us	Prismarine Shard	0.0	0.0	64	world	[-2749, 22, 1824]
2019	01	26	12	51	21	Aewheros	K9us	Prismarine Shard	0.0	0.0	64	world	[-2750, 22, 1824]
2019	01	26	12	51	22	Aewheros	K9us	Prismarine Shard	0.0	0.0	64	world	[-2750, 22, 1824]
2019	01	26	12	51	23	Aewheros	K9us	Prismarine Shard	0.0	0.0	64	world	[-2749, 22, 1824]
2019	01	26	12	51	24	Aewheros	K9us	Prismarine Shard	0.0	0.0	64	world	[-2748, 22, 1824]
2019	01	26	12	51	24	Aewheros	K9us	Prismarine Shard	0.0	0.0	64	world	[-2750, 22, 1824]
2019	01	26	12	51	25	Aewheros	K9us	Prismarine Shard	0.0	0.0	64	world	[-2748, 22, 1824]
2019	01	26	12	51	25	Aewheros	K9us	Prismarine Shard	0.0	0.0	64	world	[-2750, 22, 1824]
2019	01	26	12	51	26	Aewheros	K9us	Prismarine Shard	0.0	0.0	64	world	[-2748, 22, 1824]
2019	01	26	12	51	27	Aewheros	K9us	Prismarine Shard	0.0	0.0	64	world	[-2750, 22, 1824]
2019	01	26	12	51	27	Aewheros	K9us	Prismarine Shard	0.0	0.0	64	world	[-2749, 22, 1824]
2019	01	26	12	51	40	Aewheros	K9us	Prismarine Shard	0.0	0.0	64	world	[-2748, 22, 1824]
2019	01	26	12	51	41	Aewheros	K9us	Prismarine Shard	0.0	0.0	64	world	[-2749, 22, 1824]
2019	01	26	12	51	41	Aewheros	K9us	Prismarine Shard	0.0	0.0	64	world	[-2750, 22, 1824]
2019	01	26	12	51	42	Aewheros	K9us	Prismarine Shard	0.0	0.0	64	world	[-2748, 22, 1824]
2019	01	26	12	51	43	Aewheros	K9us	Prismarine Shard	0.0	0.0	64	world	[-2750, 22, 1824]
2019	01	26	12	51	43	Aewheros	K9us	Prismarine Shard	0.0	0.0	64	world	[-2748, 22, 1824]
2019	01	26	12	51	44	Aewheros	K9us	Prismarine Shard	0.0	0.0	64	world	[-2749, 22, 1824]
2019	01	26	12	51	44	Aewheros	K9us	Prismarine Shard	0.0	0.0	64	world	[-2749, 22, 1824]
2019	01	26	12	51	45	Aewheros	K9us	Prismarine Shard	0.0	0.0	64	world	[-2748, 22, 1824]
2019	01	26	12	51	57	Aewheros	K9us	Prismarine Shard	0.0	0.0	64	world	[-2748, 22, 1824]
2019	01	26	12	51	58	Aewheros	K9us	Prismarine Shard	0.0	0.0	64	world	[-2749, 22, 1824]
2019	01	26	12	51	58	Aewheros	K9us	Prismarine Shard	0.0	0.0	64	world	[-2750, 22, 1824]
2019	01	26	12	51	59	Aewheros	K9us	Prismarine Shard	0.0	0.0	64	world	[-2749, 22, 1824]
2019	01	26	12	52	00	Aewheros	K9us	Prismarine Shard	0.0	0.0	64	world	[-2749, 22, 1824]
2019	01	26	12	52	00	Aewheros	K9us	Prismarine Shard	0.0	0.0	64	world	[-2750, 22, 1824]
2019	01	26	12	52	01	Aewheros	K9us	Prismarine Shard	0.0	0.0	64	world	[-2748, 22, 1824]
2019	01	26	12	52	01	Aewheros	K9us	Prismarine Shard	0.0	0.0	64	world	[-2749, 22, 1824]
2019	01	26	12	52	02	Aewheros	K9us	Prismarine Shard	0.0	0.0	64	world	[-2749, 22, 1824]
2019	01	26	12	52	12	Aewheros	K9us	Prismarine Shard	0.0	0.0	64	world	[-2748, 22, 1824]
2019	01	26	12	52	12	Aewheros	K9us	Prismarine Shard	0.0	0.0	64	world	[-2750, 22, 1824]
2019	01	26	12	52	13	Aewheros	K9us	Prismarine Shard	0.0	0.0	64	world	[-2749, 22, 1824]
2019	01	26	12	52	14	Aewheros	K9us	Prismarine Shard	0.0	0.0	64	world	[-2749, 22, 1824]
2019	01	26	12	52	14	Aewheros	K9us	Prismarine Shard	0.0	0.0	64	world	[-2749, 22, 1824]
2019	01	26	12	52	15	Aewheros	K9us	Prismarine Shard	0.0	0.0	64	world	[-2748, 22, 1824]
2019	01	26	12	52	15	Aewheros	K9us	Prismarine Shard	0.0	0.0	64	world	[-2750, 22, 1824]
2019	01	26	12	52	16	Aewheros	K9us	Prismarine Shard	0.0	0.0	64	world	[-2748, 22, 1824]
2019	01	26	12	52	24	Aewheros	K9us	Prismarine Shard	0.0	0.0	1	world	[-2748, 22, 1824]
2019	01	26	12	52	24	Aewheros	K9us	Prismarine Shard	0.0	0.0	1	world	[-2749, 22, 1824]
2019	01	26	12	52	26	Aewheros	K9us	Prismarine Shard	0.0	0.0	1	world	[-2748, 22, 1824]
2019	01	26	12	52	26	Aewheros	K9us	Prismarine Shard	0.0	0.0	1	world	[-2750, 22, 1824]
2019	01	26	12	52	27	Aewheros	K9us	Prismarine Shard	0.0	0.0	1	world	[-2749, 22, 1824]
2019	01	26	12	52	28	Aewheros	K9us	Prismarine Shard	0.0	0.0	1	world	[-2748, 22, 1824]
2019	01	26	12	52	28	Aewheros	K9us	Prismarine Shard	0.0	0.0	1	world	[-2750, 22, 1824]
2019	01	26	12	52	29	Aewheros	K9us	Prismarine Shard	0.0	0.0	1	world	[-2746, 22, 1824]
2019	01	26	12	52	30	Aewheros	K9us	Prismarine Shard	0.0	0.0	1	world	[-2746, 22, 1824]
2019	01	26	12	52	31	Aewheros	K9us	Prismarine Shard	0.0	0.0	64	world	[-2746, 22, 1824]
2019	01	26	12	52	32	Aewheros	K9us	Prismarine Shard	0.0	0.0	64	world	[-2746, 22, 1824]
2019	01	26	12	52	33	Aewheros	K9us	Prismarine Shard	0.0	0.0	64	world	[-2748, 22, 1824]
2019	01	26	12	52	34	Aewheros	K9us	Prismarine Shard	0.0	0.0	64	world	[-2749, 22, 1824]
2019	01	26	12	52	34	Aewheros	K9us	Prismarine Shard	0.0	0.0	64	world	[-2749, 22, 1824]
2019	01	26	12	52	35	Aewheros	K9us	Prismarine Shard	0.0	0.0	64	world	[-2749, 22, 1824]
2019	01	26	12	52	36	Aewheros	K9us	Prismarine Shard	0.0	0.0	64	world	[-2749, 22, 1824]
2019	01	26	12	52	43	Aewheros	K9us	Prismarine Shard	0.0	0.0	64	world	[-2748, 22, 1824]
2019	01	26	12	52	44	Aewheros	K9us	Prismarine Shard	0.0	0.0	64	world	[-2749, 22, 1824]
2019	01	26	12	52	44	Aewheros	K9us	Prismarine Shard	0.0	0.0	64	world	[-2750, 22, 1824]
2019	01	26	12	52	45	Aewheros	K9us	Prismarine Shard	0.0	0.0	64	world	[-2748, 22, 1824]
2019	01	26	12	52	45	Aewheros	K9us	Prismarine Shard	0.0	0.0	64	world	[-2749, 22, 1824]
2019	01	26	12	52	46	Aewheros	K9us	Prismarine Shard	0.0	0.0	64	world	[-2749, 22, 1824]
2019	01	26	12	52	47	Aewheros	K9us	Prismarine Shard	0.0	0.0	64	world	[-2749, 22, 1824]
2019	01	26	12	52	47	Aewheros	K9us	Prismarine Shard	0.0	0.0	64	world	[-2749, 22, 1824]
2019	01	26	12	52	48	Aewheros	K9us	Prismarine Shard	0.0	0.0	43	world	[-2749, 22, 1824]
2019	01	26	12	52	49	Aewheros	K9us	Prismarine Shard	0.0	0.0	20	world	[-2750, 22, 1824]
2019	01	26	12	52	59	Aewheros	K9us	Prismarine Shard	0.0	0.0	64	world	[-2748, 22, 1824]
2019	01	26	12	53	00	Aewheros	K9us	Prismarine Shard	0.0	0.0	64	world	[-2750, 22, 1824]
2019	01	26	12	53	01	Aewheros	K9us	Prismarine Shard	0.0	0.0	64	world	[-2750, 22, 1824]
2019	01	26	12	53	01	Aewheros	K9us	Prismarine Shard	0.0	0.0	64	world	[-2748, 22, 1824]
2019	01	26	12	53	02	Aewheros	K9us	Prismarine Shard	0.0	0.0	14	world	[-2749, 22, 1824]
2019	01	26	12	53	03	Aewheros	K9us	Prismarine Shard	0.0	0.0	64	world	[-2748, 22, 1824]
2019	01	26	12	53	09	Aewheros	K9us	Prismarine Shard	0.0	0.0	64	world	[-2746, 22, 1824]
2019	01	26	12	53	10	Aewheros	K9us	Prismarine Shard	0.0	0.0	64	world	[-2746, 22, 1824]
2019	01	26	12	53	10	Aewheros	K9us	Prismarine Shard	0.0	0.0	50	world	[-2746, 22, 1824]
2019	01	26	12	53	23	Aewheros	K9us	Prismarine Shard	0.0	0.0	64	world	[-2748, 22, 1824]
2019	01	26	12	53	23	Aewheros	K9us	Prismarine Shard	0.0	0.0	64	world	[-2750, 22, 1824]
2019	01	26	12	53	24	Aewheros	K9us	Prismarine Shard	0.0	0.0	64	world	[-2748, 22, 1824]
2019	01	26	12	53	25	Aewheros	K9us	Prismarine Shard	0.0	0.0	17	world	[-2748, 22, 1824]
2019	01	26	12	53	26	Aewheros	K9us	Prismarine Shard	0.0	0.0	31	world	[-2749, 22, 1824]
2019	01	26	12	53	27	Aewheros	K9us	Prismarine Shard	0.0	0.0	1	world	[-2749, 22, 1824]
2019	01	26	12	53	27	Aewheros	K9us	Prismarine Shard	0.0	0.0	1	world	[-2749, 22, 1824]
2019	01	26	12	53	28	Aewheros	K9us	Prismarine Shard	0.0	0.0	64	world	[-2750, 22, 1824]
2019	01	26	12	53	29	Aewheros	K9us	Prismarine Shard	0.0	0.0	64	world	[-2750, 22, 1824]
2019	01	26	12	53	29	Aewheros	K9us	Prismarine Shard	0.0	0.0	64	world	[-2750, 22, 1824]
2019	01	26	12	53	30	Aewheros	K9us	Prismarine Shard	0.0	0.0	64	world	[-2750, 22, 1824]
2019	01	26	12	53	30	Aewheros	K9us	Prismarine Shard	0.0	0.0	14	world	[-2750, 22, 1824]
2019	01	26	12	53	37	Aewheros	K9us	Prismarine Shard	0.0	0.0	64	world	[-2750, 22, 1824]
2019	01	26	12	53	37	Aewheros	K9us	Prismarine Shard	0.0	0.0	64	world	[-2750, 22, 1824]
2019	01	26	12	53	38	Aewheros	K9us	Prismarine Shard	0.0	0.0	64	world	[-2750, 22, 1824]
2019	01	26	12	53	38	Aewheros	K9us	Prismarine Shard	0.0	0.0	64	world	[-2750, 22, 1824]
2019	01	26	12	53	39	Aewheros	K9us	Prismarine Shard	0.0	0.0	64	world	[-2750, 22, 1824]
2019	01	26	12	53	40	Aewheros	K9us	Prismarine Shard	0.0	0.0	64	world	[-2750, 22, 1824]
2019	01	26	12	53	40	Aewheros	K9us	Prismarine Shard	0.0	0.0	64	world	[-2750, 22, 1824]
2019	01	26	12	53	41	Aewheros	K9us	Prismarine Shard	0.0	0.0	64	world	[-2750, 22, 1824]
2019	01	26	12	53	48	Aewheros	K9us	Prismarine Shard	0.0	0.0	64	world	[-2750, 22, 1824]
2019	01	26	12	53	48	Aewheros	K9us	Prismarine Shard	0.0	0.0	64	world	[-2750, 22, 1824]
2019	01	26	12	53	49	Aewheros	K9us	Prismarine Shard	0.0	0.0	64	world	[-2750, 22, 1824]
2019	01	26	12	53	50	Aewheros	K9us	Prismarine Shard	0.0	0.0	64	world	[-2750, 22, 1824]
2019	01	26	12	53	50	Aewheros	K9us	Prismarine Shard	0.0	0.0	64	world	[-2750, 22, 1824]
2019	01	26	12	53	51	Aewheros	K9us	Prismarine Shard	0.0	0.0	64	world	[-2750, 22, 1824]
2019	01	26	12	53	51	Aewheros	K9us	Prismarine Shard	0.0	0.0	64	world	[-2750, 22, 1824]
2019	01	26	12	53	52	Aewheros	K9us	Prismarine Shard	0.0	0.0	64	world	[-2750, 22, 1824]
2019	01	26	12	59	45	Aewheros	K9us	Prismarine Shard	0.0	0.0	64	world	[-2750, 22, 1824]
2019	01	26	12	59	46	Aewheros	K9us	Prismarine Shard	0.0	0.0	64	world	[-2749, 22, 1824]
2019	01	26	12	59	47	Aewheros	K9us	Prismarine Shard	0.0	0.0	36	world	[-2748, 22, 1824]
2019	01	26	12	59	59	Aewheros	K9us	Prismarine Shard	0.0	0.0	64	world	[-2749, 22, 1824]
2019	01	26	13	00	00	Aewheros	K9us	Prismarine Shard	0.0	0.0	64	world	[-2750, 22, 1824]
2019	01	26	13	00	00	Aewheros	K9us	Prismarine Shard	0.0	0.0	64	world	[-2749, 22, 1824]
2019	01	26	13	00	01	Aewheros	K9us	Prismarine Shard	0.0	0.0	64	world	[-2750, 22, 1824]
2019	01	26	13	00	02	Aewheros	K9us	Prismarine Shard	0.0	0.0	45	world	[-2749, 22, 1824]
2019	01	26	13	00	02	Aewheros	K9us	Prismarine Shard	0.0	0.0	64	world	[-2750, 22, 1824]
2019	01	26	13	00	04	Aewheros	K9us	Prismarine Shard	0.0	0.0	64	world	[-2750, 22, 1824]
2019	01	26	13	00	05	Aewheros	K9us	Prismarine Shard	0.0	0.0	64	world	[-2750, 22, 1824]
2019	01	26	13	00	06	Aewheros	K9us	Prismarine Shard	0.0	0.0	64	world	[-2750, 22, 1824]
2019	01	26	13	00	06	Aewheros	K9us	Prismarine Shard	0.0	0.0	64	world	[-2750, 22, 1824]
2019	01	26	13	00	07	Aewheros	K9us	Prismarine Shard	0.0	0.0	64	world	[-2750, 22, 1824]
2019	01	26	13	00	07	Aewheros	K9us	Prismarine Shard	0.0	0.0	64	world	[-2750, 22, 1824]
2019	01	26	13	00	08	Aewheros	K9us	Prismarine Shard	0.0	0.0	39	world	[-2750, 22, 1824]
2019	01	26	13	04	34	Aewheros	K9us	Prismarine Shard	0.0	0.0	64	world	[-2750, 22, 1824]
2019	01	26	13	04	35	Aewheros	K9us	Prismarine Shard	0.0	0.0	64	world	[-2750, 22, 1824]
2019	01	26	13	04	35	Aewheros	K9us	Prismarine Shard	0.0	0.0	64	world	[-2750, 22, 1824]
2019	01	26	13	04	36	Aewheros	K9us	Prismarine Shard	0.0	0.0	64	world	[-2750, 22, 1824]
2019	01	26	13	04	37	Aewheros	K9us	Prismarine Shard	0.0	0.0	64	world	[-2750, 22, 1824]
2019	01	26	13	04	38	Aewheros	K9us	Prismarine Shard	0.0	0.0	64	world	[-2750, 22, 1824]
2019	01	26	13	04	39	Aewheros	K9us	Prismarine Shard	0.0	0.0	64	world	[-2750, 22, 1824]
2019	01	26	13	04	39	Aewheros	K9us	Prismarine Shard	0.0	0.0	64	world	[-2750, 22, 1824]
2019	01	26	13	04	40	Aewheros	K9us	Prismarine Shard	0.0	0.0	64	world	[-2750, 22, 1824]
2019	01	26	13	04	40	Aewheros	K9us	Prismarine Shard	0.0	0.0	64	world	[-2750, 22, 1824]
2019	01	26	13	04	41	Aewheros	K9us	Prismarine Shard	0.0	0.0	64	world	[-2750, 22, 1824]
2019	01	26	13	04	41	Aewheros	K9us	Prismarine Shard	0.0	0.0	64	world	[-2750, 22, 1824]
2019	01	26	13	04	42	Aewheros	K9us	Prismarine Shard	0.0	0.0	64	world	[-2750, 22, 1824]
2019	01	26	13	04	42	Aewheros	K9us	Prismarine Shard	0.0	0.0	64	world	[-2750, 22, 1824]
2019	01	26	13	04	43	Aewheros	K9us	Prismarine Shard	0.0	0.0	64	world	[-2750, 22, 1824]
2019	01	26	13	04	43	Aewheros	K9us	Prismarine Shard	0.0	0.0	63	world	[-2750, 22, 1824]
2019	01	26	21	53	56	Haksndot	Cardano_ff	Prismarine Shard	1.0	64.0	64	world	[-2507, 23, 2815]
2019	01	26	21	53	57	Haksndot	Cardano_ff	Prismarine Shard	1.0	64.0	64	world	[-2507, 23, 2815]
2019	01	26	21	53	58	Haksndot	Cardano_ff	Prismarine Shard	1.0	64.0	64	world	[-2507, 23, 2815]
2019	01	26	21	54	06	Haksndot	Cardano_ff	Prismarine Shard	1.0	64.0	64	world	[-2507, 23, 2815]
2019	01	27	05	04	18	NorraLigan	K9us	Prismarine Shard	0.0	0.0	64	world	[-2750, 22, 1824]
2019	01	27	05	04	18	NorraLigan	K9us	Prismarine Shard	0.0	0.0	64	world	[-2750, 22, 1824]
2019	01	27	05	04	19	NorraLigan	K9us	Prismarine Shard	0.0	0.0	64	world	[-2750, 22, 1824]
2019	01	27	05	04	19	NorraLigan	K9us	Prismarine Shard	0.0	0.0	64	world	[-2750, 22, 1824]
2019	01	27	05	04	20	NorraLigan	K9us	Prismarine Shard	0.0	0.0	64	world	[-2750, 22, 1824]
2019	01	27	05	04	42	NorraLigan	K9us	Prismarine Shard	2.0	128.0	64	world	[-2748, 21, 1824]
2019	01	27	05	04	43	NorraLigan	K9us	Prismarine Shard	2.0	128.0	64	world	[-2748, 21, 1824]
2019	02	02	13	12	06	Aewheros	K9us	Prismarine Shard	0.0	0.0	64	world	[-2750, 22, 1824]
2019	02	02	13	12	07	Aewheros	K9us	Prismarine Shard	0.0	0.0	64	world	[-2749, 22, 1824]
2019	02	02	13	12	08	Aewheros	K9us	Prismarine Shard	0.0	0.0	64	world	[-2750, 22, 1824]
2019	02	02	13	12	08	Aewheros	K9us	Prismarine Shard	0.0	0.0	64	world	[-2749, 22, 1824]
2019	02	02	13	12	36	Aewheros	K9us	Prismarine Shard	0.0	0.0	64	world	[-2748, 22, 1824]
2019	02	02	13	12	37	Aewheros	K9us	Prismarine Shard	0.0	0.0	64	world	[-2748, 22, 1824]
2019	02	02	13	12	38	Aewheros	K9us	Prismarine Shard	0.0	0.0	64	world	[-2748, 22, 1824]
2019	02	02	13	12	38	Aewheros	K9us	Prismarine Shard	0.0	0.0	64	world	[-2748, 22, 1824]
2019	02	02	13	12	39	Aewheros	K9us	Prismarine Shard	0.0	0.0	64	world	[-2748, 22, 1824]
2019	02	02	13	12	39	Aewheros	K9us	Prismarine Shard	0.0	0.0	64	world	[-2748, 22, 1824]
2019	02	02	13	12	40	Aewheros	K9us	Prismarine Shard	0.0	0.0	64	world	[-2748, 22, 1824]
2019	02	02	13	13	23	Aewheros	K9us	Prismarine Shard	0.0	0.0	64	world	[-2746, 22, 1824]
2019	02	02	13	13	24	Aewheros	K9us	Prismarine Shard	0.0	0.0	64	world	[-2746, 22, 1824]
2019	02	02	13	13	25	Aewheros	K9us	Prismarine Shard	0.0	0.0	64	world	[-2746, 22, 1824]
2019	02	02	13	13	26	Aewheros	K9us	Prismarine Shard	0.0	0.0	64	world	[-2746, 22, 1824]
2019	02	02	13	13	27	Aewheros	K9us	Prismarine Shard	0.0	0.0	64	world	[-2746, 22, 1824]
2019	02	02	13	13	28	Aewheros	K9us	Prismarine Shard	0.0	0.0	64	world	[-2746, 22, 1824]
2019	02	02	13	13	28	Aewheros	K9us	Prismarine Shard	0.0	0.0	64	world	[-2746, 22, 1824]
2019	02	02	13	13	29	Aewheros	K9us	Prismarine Shard	0.0	0.0	64	world	[-2746, 22, 1824]
2019	02	02	13	13	29	Aewheros	K9us	Prismarine Shard	0.0	0.0	64	world	[-2746, 22, 1824]
2019	02	02	13	13	30	Aewheros	K9us	Prismarine Shard	0.0	0.0	64	world	[-2748, 22, 1824]
2019	02	02	13	13	31	Aewheros	K9us	Prismarine Shard	0.0	0.0	64	world	[-2748, 22, 1824]
2019	02	02	13	13	31	Aewheros	K9us	Prismarine Shard	0.0	0.0	64	world	[-2748, 22, 1824]
2019	02	02	13	13	32	Aewheros	K9us	Prismarine Shard	0.0	0.0	64	world	[-2748, 22, 1824]
2019	02	02	13	13	33	Aewheros	K9us	Prismarine Shard	0.0	0.0	64	world	[-2748, 22, 1824]
2019	02	02	13	13	34	Aewheros	K9us	Prismarine Shard	0.0	0.0	64	world	[-2749, 22, 1824]
2019	02	02	13	13	34	Aewheros	K9us	Prismarine Shard	0.0	0.0	12	world	[-2749, 22, 1824]
2019	02	02	13	13	52	Aewheros	K9us	Prismarine Shard	0.0	0.0	64	world	[-2750, 22, 1824]
2019	02	02	13	13	53	Aewheros	K9us	Prismarine Shard	0.0	0.0	64	world	[-2749, 22, 1824]
2019	02	02	13	13	54	Aewheros	K9us	Prismarine Shard	0.0	0.0	64	world	[-2749, 22, 1824]
2019	02	02	13	13	55	Aewheros	K9us	Prismarine Shard	0.0	0.0	64	world	[-2749, 22, 1824]
2019	02	02	13	13	56	Aewheros	K9us	Prismarine Shard	0.0	0.0	64	world	[-2748, 22, 1824]
2019	02	02	13	13	56	Aewheros	K9us	Prismarine Shard	0.0	0.0	64	world	[-2748, 22, 1824]
2019	02	02	13	13	57	Aewheros	K9us	Prismarine Shard	0.0	0.0	64	world	[-2748, 22, 1824]
2019	02	02	13	13	58	Aewheros	K9us	Prismarine Shard	0.0	0.0	64	world	[-2749, 22, 1824]
2019	02	02	13	13	58	Aewheros	K9us	Prismarine Shard	0.0	0.0	64	world	[-2750, 22, 1824]
2019	02	02	13	13	59	Aewheros	K9us	Prismarine Shard	0.0	0.0	64	world	[-2750, 22, 1824]
2019	02	02	13	14	23	Aewheros	K9us	Prismarine Shard	0.0	0.0	64	world	[-2749, 22, 1824]
2019	02	02	13	14	24	Aewheros	K9us	Prismarine Shard	0.0	0.0	64	world	[-2750, 22, 1824]
2019	02	02	13	14	25	Aewheros	K9us	Prismarine Shard	0.0	0.0	64	world	[-2749, 22, 1824]
2019	02	02	13	14	25	Aewheros	K9us	Prismarine Shard	0.0	0.0	64	world	[-2748, 22, 1824]
2019	02	02	13	14	26	Aewheros	K9us	Prismarine Shard	0.0	0.0	64	world	[-2748, 22, 1824]
2019	02	02	13	14	27	Aewheros	K9us	Prismarine Shard	0.0	0.0	64	world	[-2749, 22, 1824]
2019	02	02	13	14	27	Aewheros	K9us	Prismarine Shard	0.0	0.0	64	world	[-2749, 22, 1824]
2019	02	02	13	14	28	Aewheros	K9us	Prismarine Shard	0.0	0.0	64	world	[-2750, 22, 1824]
2019	02	02	13	14	29	Aewheros	K9us	Prismarine Shard	0.0	0.0	64	world	[-2750, 22, 1824]
2019	02	02	13	14	29	Aewheros	K9us	Prismarine Shard	0.0	0.0	64	world	[-2749, 22, 1824]
2019	02	02	13	14	30	Aewheros	K9us	Prismarine Shard	0.0	0.0	64	world	[-2749, 22, 1824]
2019	02	02	13	14	31	Aewheros	K9us	Prismarine Shard	0.0	0.0	64	world	[-2748, 22, 1824]
2019	02	02	13	14	31	Aewheros	K9us	Prismarine Shard	0.0	0.0	64	world	[-2748, 22, 1824]
2019	02	02	13	14	32	Aewheros	K9us	Prismarine Shard	0.0	0.0	64	world	[-2748, 22, 1824]
2019	02	02	13	14	32	Aewheros	K9us	Prismarine Shard	0.0	0.0	64	world	[-2749, 22, 1824]
2019	02	02	13	14	51	Aewheros	K9us	Prismarine Shard	0.0	0.0	64	world	[-2749, 22, 1824]
2019	02	02	13	14	51	Aewheros	K9us	Prismarine Shard	0.0	0.0	64	world	[-2750, 22, 1824]
2019	02	02	13	14	52	Aewheros	K9us	Prismarine Shard	0.0	0.0	64	world	[-2749, 22, 1824]
2019	02	02	13	14	53	Aewheros	K9us	Prismarine Shard	0.0	0.0	64	world	[-2748, 22, 1824]
2019	02	02	13	14	53	Aewheros	K9us	Prismarine Shard	0.0	0.0	64	world	[-2749, 22, 1824]
2019	02	02	13	14	54	Aewheros	K9us	Prismarine Shard	0.0	0.0	64	world	[-2750, 22, 1824]
2019	02	02	13	14	54	Aewheros	K9us	Prismarine Shard	0.0	0.0	64	world	[-2750, 22, 1824]
2019	02	02	13	14	55	Aewheros	K9us	Prismarine Shard	0.0	0.0	64	world	[-2748, 22, 1824]
2019	02	02	13	14	55	Aewheros	K9us	Prismarine Shard	0.0	0.0	64	world	[-2749, 22, 1824]
2019	02	02	13	14	56	Aewheros	K9us	Prismarine Shard	0.0	0.0	64	world	[-2750, 22, 1824]
2019	02	02	13	14	57	Aewheros	K9us	Prismarine Shard	0.0	0.0	64	world	[-2749, 22, 1824]
2019	02	02	13	14	57	Aewheros	K9us	Prismarine Shard	0.0	0.0	64	world	[-2749, 22, 1824]
2019	02	02	13	15	08	Aewheros	K9us	Prismarine Shard	0.0	0.0	64	world	[-2746, 22, 1824]
2019	02	02	13	15	08	Aewheros	K9us	Prismarine Shard	0.0	0.0	64	world	[-2746, 22, 1824]
2019	02	02	13	15	09	Aewheros	K9us	Prismarine Shard	0.0	0.0	64	world	[-2746, 22, 1824]
2019	02	02	13	15	10	Aewheros	K9us	Prismarine Shard	0.0	0.0	64	world	[-2746, 22, 1824]
2019	02	02	13	15	10	Aewheros	K9us	Prismarine Shard	0.0	0.0	64	world	[-2746, 22, 1824]
2019	02	02	13	15	11	Aewheros	K9us	Prismarine Shard	0.0	0.0	64	world	[-2746, 22, 1824]
2019	02	02	13	15	11	Aewheros	K9us	Prismarine Shard	0.0	0.0	64	world	[-2746, 22, 1824]
2019	02	02	13	15	12	Aewheros	K9us	Prismarine Shard	0.0	0.0	64	world	[-2746, 22, 1824]
2019	02	02	13	15	13	Aewheros	K9us	Prismarine Shard	0.0	0.0	64	world	[-2746, 22, 1824]
2019	02	02	13	15	13	Aewheros	K9us	Prismarine Shard	0.0	0.0	64	world	[-2746, 22, 1824]
2019	02	02	13	15	14	Aewheros	K9us	Prismarine Shard	0.0	0.0	61	world	[-2746, 22, 1824]
2019	02	02	13	15	38	Aewheros	K9us	Prismarine Shard	0.0	0.0	64	world	[-2746, 22, 1824]
2019	02	02	13	15	39	Aewheros	K9us	Prismarine Shard	0.0	0.0	64	world	[-2746, 22, 1824]
2019	02	02	13	15	40	Aewheros	K9us	Prismarine Shard	0.0	0.0	64	world	[-2746, 22, 1824]
2019	02	02	13	15	41	Aewheros	K9us	Prismarine Shard	0.0	0.0	64	world	[-2746, 22, 1824]
2019	02	02	13	15	42	Aewheros	K9us	Prismarine Shard	0.0	0.0	64	world	[-2746, 22, 1824]
2019	02	02	13	15	42	Aewheros	K9us	Prismarine Shard	0.0	0.0	64	world	[-2746, 22, 1824]
2019	02	02	13	15	43	Aewheros	K9us	Prismarine Shard	0.0	0.0	64	world	[-2746, 22, 1824]
2019	02	02	13	15	44	Aewheros	K9us	Prismarine Shard	0.0	0.0	64	world	[-2746, 22, 1824]
2019	02	02	13	15	44	Aewheros	K9us	Prismarine Shard	0.0	0.0	64	world	[-2746, 22, 1824]
2019	02	02	13	15	45	Aewheros	K9us	Prismarine Shard	0.0	0.0	64	world	[-2746, 22, 1824]
2019	02	02	13	15	45	Aewheros	K9us	Prismarine Shard	0.0	0.0	64	world	[-2746, 22, 1824]
2019	02	02	13	15	46	Aewheros	K9us	Prismarine Shard	0.0	0.0	64	world	[-2746, 22, 1824]
2019	02	02	13	15	47	Aewheros	K9us	Prismarine Shard	0.0	0.0	64	world	[-2746, 22, 1824]
2019	02	02	13	15	47	Aewheros	K9us	Prismarine Shard	0.0	0.0	64	world	[-2746, 22, 1824]
2019	02	02	13	15	48	Aewheros	K9us	Prismarine Shard	0.0	0.0	64	world	[-2746, 22, 1824]
2019	02	02	13	15	48	Aewheros	K9us	Prismarine Shard	0.0	0.0	64	world	[-2746, 22, 1824]
2019	02	02	13	15	49	Aewheros	K9us	Prismarine Shard	0.0	0.0	64	world	[-2746, 22, 1824]
2019	02	02	13	15	50	Aewheros	K9us	Prismarine Shard	0.0	0.0	64	world	[-2746, 22, 1824]
2019	02	02	13	15	51	Aewheros	K9us	Prismarine Shard	0.0	0.0	64	world	[-2748, 22, 1824]
2019	02	02	13	16	27	Aewheros	K9us	Prismarine Shard	0.0	0.0	64	world	[-2750, 22, 1824]
2019	02	02	13	16	27	Aewheros	K9us	Prismarine Shard	0.0	0.0	64	world	[-2749, 22, 1824]
2019	02	02	13	16	28	Aewheros	K9us	Prismarine Shard	0.0	0.0	64	world	[-2748, 22, 1824]
2019	02	02	13	16	29	Aewheros	K9us	Prismarine Shard	0.0	0.0	64	world	[-2749, 22, 1824]
2019	02	02	13	16	30	Aewheros	K9us	Prismarine Shard	0.0	0.0	64	world	[-2750, 22, 1824]
2019	02	02	13	16	30	Aewheros	K9us	Prismarine Shard	0.0	0.0	64	world	[-2749, 22, 1824]
2019	02	02	13	16	31	Aewheros	K9us	Prismarine Shard	0.0	0.0	64	world	[-2748, 22, 1824]
2019	02	02	13	16	32	Aewheros	K9us	Prismarine Shard	0.0	0.0	64	world	[-2749, 22, 1824]
2019	02	02	13	16	33	Aewheros	K9us	Prismarine Shard	0.0	0.0	64	world	[-2750, 22, 1824]
2019	02	02	13	16	34	Aewheros	K9us	Prismarine Shard	0.0	0.0	64	world	[-2749, 22, 1824]
2019	02	02	13	16	34	Aewheros	K9us	Prismarine Shard	0.0	0.0	64	world	[-2748, 22, 1824]
2019	02	02	13	16	35	Aewheros	K9us	Prismarine Shard	0.0	0.0	64	world	[-2749, 22, 1824]
2019	02	02	13	16	36	Aewheros	K9us	Prismarine Shard	0.0	0.0	64	world	[-2750, 22, 1824]
2019	02	02	13	16	37	Aewheros	K9us	Prismarine Shard	0.0	0.0	64	world	[-2749, 22, 1824]
2019	02	02	13	16	38	Aewheros	K9us	Prismarine Shard	0.0	0.0	64	world	[-2748, 22, 1824]
2019	02	02	13	17	09	Aewheros	K9us	Prismarine Shard	0.0	0.0	64	world	[-2748, 22, 1824]
2019	02	02	13	17	10	Aewheros	K9us	Prismarine Shard	0.0	0.0	64	world	[-2749, 22, 1824]
2019	02	02	13	17	10	Aewheros	K9us	Prismarine Shard	0.0	0.0	64	world	[-2750, 22, 1824]
2019	02	02	13	17	11	Aewheros	K9us	Prismarine Shard	0.0	0.0	64	world	[-2749, 22, 1824]
2019	02	02	13	17	12	Aewheros	K9us	Prismarine Shard	0.0	0.0	64	world	[-2748, 22, 1824]
2019	02	02	13	17	12	Aewheros	K9us	Prismarine Shard	0.0	0.0	64	world	[-2749, 22, 1824]
2019	02	02	13	17	13	Aewheros	K9us	Prismarine Shard	0.0	0.0	64	world	[-2749, 22, 1824]
2019	02	02	13	17	13	Aewheros	K9us	Prismarine Shard	0.0	0.0	64	world	[-2750, 22, 1824]
2019	02	02	13	17	14	Aewheros	K9us	Prismarine Shard	0.0	0.0	64	world	[-2749, 22, 1824]
2019	02	02	13	17	15	Aewheros	K9us	Prismarine Shard	0.0	0.0	64	world	[-2748, 22, 1824]
2019	02	02	13	17	15	Aewheros	K9us	Prismarine Shard	0.0	0.0	64	world	[-2748, 22, 1824]
2019	02	02	13	17	16	Aewheros	K9us	Prismarine Shard	0.0	0.0	64	world	[-2749, 22, 1824]
2019	02	02	13	17	16	Aewheros	K9us	Prismarine Shard	0.0	0.0	64	world	[-2750, 22, 1824]
2019	02	02	13	17	17	Aewheros	K9us	Prismarine Shard	0.0	0.0	64	world	[-2749, 22, 1824]
2019	02	02	13	17	18	Aewheros	K9us	Prismarine Shard	0.0	0.0	64	world	[-2748, 22, 1824]
2019	02	02	13	17	18	Aewheros	K9us	Prismarine Shard	0.0	0.0	64	world	[-2749, 22, 1824]
2019	02	02	13	17	38	Aewheros	K9us	Prismarine Shard	0.0	0.0	64	world	[-2746, 22, 1824]
2019	02	02	13	17	38	Aewheros	K9us	Prismarine Shard	0.0	0.0	64	world	[-2746, 22, 1824]
2019	02	02	13	17	39	Aewheros	K9us	Prismarine Shard	0.0	0.0	64	world	[-2746, 22, 1824]
2019	02	02	13	17	40	Aewheros	K9us	Prismarine Shard	0.0	0.0	64	world	[-2746, 22, 1824]
2019	02	02	13	17	40	Aewheros	K9us	Prismarine Shard	0.0	0.0	64	world	[-2746, 22, 1824]
2019	02	02	13	17	41	Aewheros	K9us	Prismarine Shard	0.0	0.0	64	world	[-2746, 22, 1824]
2019	02	02	13	17	41	Aewheros	K9us	Prismarine Shard	0.0	0.0	64	world	[-2746, 22, 1824]
2019	02	02	13	17	42	Aewheros	K9us	Prismarine Shard	0.0	0.0	64	world	[-2746, 22, 1824]
2019	02	02	13	17	43	Aewheros	K9us	Prismarine Shard	0.0	0.0	64	world	[-2746, 22, 1824]
2019	02	03	12	59	51	Aewheros	K9us	Prismarine Shard	0.0	0.0	64	world	[-2750, 22, 1824]
2019	02	03	12	59	53	Aewheros	K9us	Prismarine Shard	0.0	0.0	64	world	[-2749, 22, 1824]
2019	02	03	12	59	53	Aewheros	K9us	Prismarine Shard	0.0	0.0	64	world	[-2748, 22, 1824]
2019	02	03	12	59	55	Aewheros	K9us	Prismarine Shard	0.0	0.0	64	world	[-2746, 22, 1824]
2019	02	03	12	59	56	Aewheros	K9us	Prismarine Shard	0.0	0.0	64	world	[-2746, 22, 1824]
2019	02	03	12	59	57	Aewheros	K9us	Prismarine Shard	0.0	0.0	64	world	[-2746, 22, 1824]
2019	02	03	12	59	57	Aewheros	K9us	Prismarine Shard	0.0	0.0	64	world	[-2746, 22, 1824]
2019	02	03	12	59	58	Aewheros	K9us	Prismarine Shard	0.0	0.0	64	world	[-2746, 22, 1824]
2019	02	03	12	59	58	Aewheros	K9us	Prismarine Shard	0.0	0.0	64	world	[-2746, 22, 1824]
2019	02	03	12	59	59	Aewheros	K9us	Prismarine Shard	0.0	0.0	64	world	[-2746, 22, 1824]
2019	02	03	13	00	00	Aewheros	K9us	Prismarine Shard	0.0	0.0	37	world	[-2746, 22, 1824]
2019	02	03	13	01	17	Aewheros	K9us	Prismarine Shard	0.0	0.0	1	world	[-2750, 22, 1824]
2019	02	03	13	01	18	Aewheros	K9us	Prismarine Shard	0.0	0.0	1	world	[-2750, 22, 1824]
2019	02	03	13	01	19	Aewheros	K9us	Prismarine Shard	0.0	0.0	64	world	[-2750, 22, 1824]
2019	02	03	13	01	19	Aewheros	K9us	Prismarine Shard	0.0	0.0	64	world	[-2750, 22, 1824]
2019	02	03	13	01	20	Aewheros	K9us	Prismarine Shard	0.0	0.0	64	world	[-2750, 22, 1824]
2019	02	03	13	01	20	Aewheros	K9us	Prismarine Shard	0.0	0.0	64	world	[-2750, 22, 1824]
2019	02	03	13	01	21	Aewheros	K9us	Prismarine Shard	0.0	0.0	64	world	[-2750, 22, 1824]
2019	02	03	13	01	22	Aewheros	K9us	Prismarine Shard	0.0	0.0	64	world	[-2750, 22, 1824]
2019	02	03	13	01	23	Aewheros	K9us	Prismarine Shard	0.0	0.0	64	world	[-2750, 22, 1824]
2019	02	03	13	01	23	Aewheros	K9us	Prismarine Shard	0.0	0.0	64	world	[-2750, 22, 1824]
2019	02	03	13	01	24	Aewheros	K9us	Prismarine Shard	0.0	0.0	64	world	[-2750, 22, 1824]
2019	02	03	13	01	25	Aewheros	K9us	Prismarine Shard	0.0	0.0	64	world	[-2750, 22, 1824]
2019	02	03	13	01	25	Aewheros	K9us	Prismarine Shard	0.0	0.0	64	world	[-2750, 22, 1824]
2019	02	03	13	01	26	Aewheros	K9us	Prismarine Shard	0.0	0.0	64	world	[-2750, 22, 1824]
2019	02	03	13	01	26	Aewheros	K9us	Prismarine Shard	0.0	0.0	64	world	[-2750, 22, 1824]
2019	02	03	13	01	27	Aewheros	K9us	Prismarine Shard	0.0	0.0	64	world	[-2750, 22, 1824]
2019	02	03	13	01	28	Aewheros	K9us	Prismarine Shard	0.0	0.0	57	world	[-2750, 22, 1824]
2019	02	03	13	01	43	Aewheros	K9us	Prismarine Shard	0.0	0.0	64	world	[-2749, 22, 1824]
2019	02	03	13	01	43	Aewheros	K9us	Prismarine Shard	0.0	0.0	64	world	[-2749, 22, 1824]
2019	02	03	13	01	44	Aewheros	K9us	Prismarine Shard	0.0	0.0	64	world	[-2749, 22, 1824]
2019	02	03	13	01	44	Aewheros	K9us	Prismarine Shard	0.0	0.0	64	world	[-2749, 22, 1824]
2019	02	03	13	01	45	Aewheros	K9us	Prismarine Shard	0.0	0.0	64	world	[-2749, 22, 1824]
2019	02	03	13	01	46	Aewheros	K9us	Prismarine Shard	0.0	0.0	64	world	[-2749, 22, 1824]
2019	02	03	13	01	46	Aewheros	K9us	Prismarine Shard	0.0	0.0	64	world	[-2749, 22, 1824]
2019	02	03	13	01	47	Aewheros	K9us	Prismarine Shard	0.0	0.0	64	world	[-2749, 22, 1824]
2019	02	03	13	01	47	Aewheros	K9us	Prismarine Shard	0.0	0.0	64	world	[-2749, 22, 1824]
2019	02	03	13	01	48	Aewheros	K9us	Prismarine Shard	0.0	0.0	64	world	[-2749, 22, 1824]
2019	02	03	13	01	49	Aewheros	K9us	Prismarine Shard	0.0	0.0	64	world	[-2750, 22, 1824]
2019	02	03	13	01	49	Aewheros	K9us	Prismarine Shard	0.0	0.0	64	world	[-2750, 22, 1824]
2019	02	03	13	01	50	Aewheros	K9us	Prismarine Shard	0.0	0.0	64	world	[-2750, 22, 1824]
2019	02	03	13	01	50	Aewheros	K9us	Prismarine Shard	0.0	0.0	64	world	[-2750, 22, 1824]
2019	02	03	13	01	51	Aewheros	K9us	Prismarine Shard	0.0	0.0	64	world	[-2750, 22, 1824]
2019	02	03	13	01	52	Aewheros	K9us	Prismarine Shard	0.0	0.0	64	world	[-2750, 22, 1824]
2019	02	03	13	02	04	Aewheros	K9us	Prismarine Shard	0.0	0.0	64	world	[-2748, 22, 1824]
2019	02	03	13	02	05	Aewheros	K9us	Prismarine Shard	0.0	0.0	64	world	[-2748, 22, 1824]
2019	02	03	13	02	06	Aewheros	K9us	Prismarine Shard	0.0	0.0	64	world	[-2748, 22, 1824]
2019	02	03	13	02	06	Aewheros	K9us	Prismarine Shard	0.0	0.0	64	world	[-2748, 22, 1824]
2019	02	03	13	02	07	Aewheros	K9us	Prismarine Shard	0.0	0.0	64	world	[-2748, 22, 1824]
2019	02	03	13	02	08	Aewheros	K9us	Prismarine Shard	0.0	0.0	64	world	[-2748, 22, 1824]
2019	02	03	13	02	08	Aewheros	K9us	Prismarine Shard	0.0	0.0	64	world	[-2748, 22, 1824]
2019	02	03	13	02	09	Aewheros	K9us	Prismarine Shard	0.0	0.0	64	world	[-2748, 22, 1824]
2019	02	03	13	02	40	Aewheros	K9us	Prismarine Shard	0.0	0.0	64	world	[-2748, 22, 1824]
2019	02	03	13	02	41	Aewheros	K9us	Prismarine Shard	0.0	0.0	64	world	[-2748, 22, 1824]
2019	02	03	13	02	42	Aewheros	K9us	Prismarine Shard	0.0	0.0	64	world	[-2748, 22, 1824]
2019	02	03	13	02	42	Aewheros	K9us	Prismarine Shard	0.0	0.0	64	world	[-2748, 22, 1824]
2019	02	03	13	02	43	Aewheros	K9us	Prismarine Shard	0.0	0.0	64	world	[-2748, 22, 1824]
2019	02	03	13	02	43	Aewheros	K9us	Prismarine Shard	0.0	0.0	64	world	[-2748, 22, 1824]
2019	02	03	13	02	44	Aewheros	K9us	Prismarine Shard	0.0	0.0	64	world	[-2748, 22, 1824]
2019	02	03	13	02	45	Aewheros	K9us	Prismarine Shard	0.0	0.0	64	world	[-2748, 22, 1824]
2019	02	03	13	02	45	Aewheros	K9us	Prismarine Shard	0.0	0.0	64	world	[-2748, 22, 1824]
2019	02	03	13	02	54	Aewheros	K9us	Prismarine Shard	0.0	0.0	64	world	[-2750, 22, 1824]
2019	02	03	13	02	55	Aewheros	K9us	Prismarine Shard	0.0	0.0	64	world	[-2750, 22, 1824]
2019	02	03	13	02	55	Aewheros	K9us	Prismarine Shard	0.0	0.0	64	world	[-2750, 22, 1824]
2019	02	03	13	02	56	Aewheros	K9us	Prismarine Shard	0.0	0.0	64	world	[-2750, 22, 1824]
2019	02	03	13	02	57	Aewheros	K9us	Prismarine Shard	0.0	0.0	64	world	[-2750, 22, 1824]
2019	02	03	13	02	57	Aewheros	K9us	Prismarine Shard	0.0	0.0	64	world	[-2750, 22, 1824]
2019	02	03	13	02	58	Aewheros	K9us	Prismarine Shard	0.0	0.0	64	world	[-2750, 22, 1824]
2019	02	03	13	02	58	Aewheros	K9us	Prismarine Shard	0.0	0.0	64	world	[-2750, 22, 1824]
2019	02	03	13	02	59	Aewheros	K9us	Prismarine Shard	0.0	0.0	64	world	[-2750, 22, 1824]
2019	02	03	13	03	13	Aewheros	K9us	Prismarine Shard	0.0	0.0	64	world	[-2749, 22, 1824]
2019	02	03	13	03	14	Aewheros	K9us	Prismarine Shard	0.0	0.0	64	world	[-2749, 22, 1824]
2019	02	03	13	03	14	Aewheros	K9us	Prismarine Shard	0.0	0.0	64	world	[-2749, 22, 1824]
2019	02	03	13	03	15	Aewheros	K9us	Prismarine Shard	0.0	0.0	64	world	[-2749, 22, 1824]
2019	02	03	13	03	16	Aewheros	K9us	Prismarine Shard	0.0	0.0	64	world	[-2749, 22, 1824]
2019	02	03	13	03	16	Aewheros	K9us	Prismarine Shard	0.0	0.0	64	world	[-2749, 22, 1824]
2019	02	03	13	03	17	Aewheros	K9us	Prismarine Shard	0.0	0.0	64	world	[-2749, 22, 1824]
2019	02	03	13	03	17	Aewheros	K9us	Prismarine Shard	0.0	0.0	64	world	[-2749, 22, 1824]
2019	02	03	13	03	18	Aewheros	K9us	Prismarine Shard	0.0	0.0	64	world	[-2749, 22, 1824]
2019	02	03	13	03	36	Aewheros	K9us	Prismarine Shard	0.0	0.0	64	world	[-2750, 22, 1824]
2019	02	03	13	03	37	Aewheros	K9us	Prismarine Shard	0.0	0.0	64	world	[-2750, 22, 1824]
2019	02	03	13	03	38	Aewheros	K9us	Prismarine Shard	0.0	0.0	64	world	[-2750, 22, 1824]
2019	02	03	13	03	38	Aewheros	K9us	Prismarine Shard	0.0	0.0	64	world	[-2750, 22, 1824]
2019	02	03	13	03	39	Aewheros	K9us	Prismarine Shard	0.0	0.0	64	world	[-2750, 22, 1824]
2019	02	03	13	03	39	Aewheros	K9us	Prismarine Shard	0.0	0.0	64	world	[-2750, 22, 1824]
2019	02	03	13	03	40	Aewheros	K9us	Prismarine Shard	0.0	0.0	64	world	[-2750, 22, 1824]
2019	02	03	13	03	41	Aewheros	K9us	Prismarine Shard	0.0	0.0	64	world	[-2750, 22, 1824]
2019	02	03	13	03	41	Aewheros	K9us	Prismarine Shard	0.0	0.0	64	world	[-2750, 22, 1824]
2019	02	03	13	03	42	Aewheros	K9us	Prismarine Shard	0.0	0.0	64	world	[-2750, 22, 1824]
2019	02	03	13	03	42	Aewheros	K9us	Prismarine Shard	0.0	0.0	60	world	[-2750, 22, 1824]
2019	02	03	13	03	56	Aewheros	K9us	Prismarine Shard	0.0	0.0	64	world	[-2750, 22, 1824]
2019	02	03	13	03	56	Aewheros	K9us	Prismarine Shard	0.0	0.0	64	world	[-2750, 22, 1824]
2019	02	03	13	03	57	Aewheros	K9us	Prismarine Shard	0.0	0.0	64	world	[-2750, 22, 1824]
2019	02	03	13	03	57	Aewheros	K9us	Prismarine Shard	0.0	0.0	64	world	[-2750, 22, 1824]
2019	02	03	13	03	58	Aewheros	K9us	Prismarine Shard	0.0	0.0	64	world	[-2750, 22, 1824]
2019	02	03	13	03	59	Aewheros	K9us	Prismarine Shard	0.0	0.0	64	world	[-2750, 22, 1824]
2019	02	03	13	03	59	Aewheros	K9us	Prismarine Shard	0.0	0.0	64	world	[-2750, 22, 1824]
2019	02	03	13	04	00	Aewheros	K9us	Prismarine Shard	0.0	0.0	64	world	[-2750, 22, 1824]
2019	02	03	13	04	00	Aewheros	K9us	Prismarine Shard	0.0	0.0	36	world	[-2750, 22, 1824]
2019	02	03	13	04	01	Aewheros	K9us	Prismarine Shard	0.0	0.0	1	world	[-2750, 22, 1824]
2019	02	03	13	04	42	Aewheros	K9us	Prismarine Shard	0.0	0.0	64	world	[-2749, 22, 1824]
2019	02	03	13	04	43	Aewheros	K9us	Prismarine Shard	0.0	0.0	64	world	[-2749, 22, 1824]
2019	02	03	13	04	43	Aewheros	K9us	Prismarine Shard	0.0	0.0	64	world	[-2749, 22, 1824]
2019	02	03	13	04	44	Aewheros	K9us	Prismarine Shard	0.0	0.0	64	world	[-2749, 22, 1824]
2019	02	03	13	04	45	Aewheros	K9us	Prismarine Shard	0.0	0.0	64	world	[-2749, 22, 1824]
2019	02	03	13	04	45	Aewheros	K9us	Prismarine Shard	0.0	0.0	13	world	[-2749, 22, 1824]
2019	02	03	13	04	47	Aewheros	K9us	Prismarine Shard	0.0	0.0	64	world	[-2750, 22, 1824]
2019	02	03	13	04	47	Aewheros	K9us	Prismarine Shard	0.0	0.0	5	world	[-2750, 22, 1824]
2019	02	03	13	04	48	Aewheros	K9us	Prismarine Shard	0.0	0.0	1	world	[-2750, 22, 1824]
2019	02	03	13	04	49	Aewheros	K9us	Prismarine Shard	0.0	0.0	64	world	[-2748, 22, 1824]
2019	02	03	13	04	49	Aewheros	K9us	Prismarine Shard	0.0	0.0	64	world	[-2748, 22, 1824]
2019	02	03	13	04	50	Aewheros	K9us	Prismarine Shard	0.0	0.0	64	world	[-2748, 22, 1824]
2019	02	03	13	04	51	Aewheros	K9us	Prismarine Shard	0.0	0.0	64	world	[-2748, 22, 1824]
2019	02	03	13	04	51	Aewheros	K9us	Prismarine Shard	0.0	0.0	64	world	[-2748, 22, 1824]
2019	02	03	13	04	58	Aewheros	K9us	Prismarine Shard	0.0	0.0	64	world	[-2748, 22, 1824]
2019	02	03	13	04	59	Aewheros	K9us	Prismarine Shard	0.0	0.0	48	world	[-2748, 22, 1824]
2019	02	03	13	05	00	Aewheros	K9us	Prismarine Shard	0.0	0.0	5	world	[-2749, 22, 1824]
2019	02	03	13	05	01	Aewheros	K9us	Prismarine Shard	0.0	0.0	27	world	[-2750, 22, 1824]
2019	02	03	13	05	02	Aewheros	K9us	Prismarine Shard	0.0	0.0	1	world	[-2750, 22, 1824]
2019	02	03	13	05	03	Aewheros	K9us	Prismarine Shard	0.0	0.0	2	world	[-2750, 22, 1824]
2019	02	03	13	05	09	Aewheros	K9us	Prismarine Shard	0.0	0.0	11	world	[-2750, 22, 1824]
2019	02	03	13	05	09	Aewheros	K9us	Prismarine Shard	0.0	0.0	2	world	[-2750, 22, 1824]
2019	02	03	13	49	21	japanimator	Cardano_ff	Prismarine Shard	1.0	64.0	64	world	[-2507, 23, 2815]
2019	02	03	13	49	21	japanimator	Cardano_ff	Prismarine Shard	1.0	64.0	64	world	[-2507, 23, 2815]
2019	02	03	13	49	22	japanimator	Cardano_ff	Prismarine Shard	1.0	64.0	64	world	[-2507, 23, 2815]
2019	02	03	13	49	22	japanimator	Cardano_ff	Prismarine Shard	1.0	64.0	64	world	[-2507, 23, 2815]
2019	02	03	13	49	25	japanimator	Cardano_ff	Prismarine Shard	1.0	64.0	64	world	[-2507, 23, 2815]
2019	02	08	14	03	31	NorraLigan	K9us	Prismarine Shard	0.0	0.0	1	world	[-2750, 22, 1824]
2019	02	08	14	03	31	NorraLigan	K9us	Prismarine Shard	0.0	0.0	1	world	[-2750, 22, 1824]
2019	02	08	14	03	32	NorraLigan	K9us	Prismarine Shard	0.0	0.0	1	world	[-2750, 22, 1824]
2019	02	08	14	03	46	NorraLigan	K9us	Prismarine Shard	0.0	0.0	64	world	[-2749, 22, 1824]
2019	02	08	14	04	55	NorraLigan	K9us	Prismarine Shard	0.0	0.0	1	world	[-2749, 22, 1824]
2019	02	08	14	04	56	NorraLigan	K9us	Prismarine Shard	0.0	0.0	1	world	[-2749, 22, 1824]
2019	02	08	14	04	57	NorraLigan	K9us	Prismarine Shard	0.0	0.0	64	world	[-2749, 22, 1824]
2019	02	08	14	04	58	NorraLigan	K9us	Prismarine Shard	0.0	0.0	64	world	[-2749, 22, 1824]
2019	02	08	14	04	59	NorraLigan	K9us	Prismarine Shard	0.0	0.0	62	world	[-2749, 22, 1824]
2019	02	08	14	05	51	NorraLigan	K9us	Prismarine Shard	0.0	0.0	1	world	[-2748, 22, 1824]
2019	02	08	14	05	52	NorraLigan	K9us	Prismarine Shard	0.0	0.0	41	world	[-2748, 22, 1824]
2019	02	08	14	08	16	NorraLigan	K9us	Prismarine Shard	0.0	0.0	1	world	[-2749, 22, 1824]
2019	02	08	14	08	17	NorraLigan	K9us	Prismarine Shard	0.0	0.0	1	world	[-2749, 22, 1824]
2019	02	08	14	08	18	NorraLigan	K9us	Prismarine Shard	0.0	0.0	1	world	[-2749, 22, 1824]
2019	02	08	14	08	21	NorraLigan	K9us	Prismarine Shard	0.0	0.0	64	world	[-2749, 22, 1824]
2019	02	08	14	08	22	NorraLigan	K9us	Prismarine Shard	0.0	0.0	64	world	[-2749, 22, 1824]
2019	02	08	14	08	23	NorraLigan	K9us	Prismarine Shard	0.0	0.0	64	world	[-2749, 22, 1824]
2019	02	08	14	08	35	NorraLigan	K9us	Prismarine Shard	0.0	0.0	64	world	[-2748, 22, 1824]
2019	02	08	14	08	35	NorraLigan	K9us	Prismarine Shard	0.0	0.0	64	world	[-2748, 22, 1824]
2019	02	08	14	08	36	NorraLigan	K9us	Prismarine Shard	0.0	0.0	64	world	[-2748, 22, 1824]
2019	02	08	14	08	36	NorraLigan	K9us	Prismarine Shard	0.0	0.0	64	world	[-2748, 22, 1824]
2019	02	08	14	08	41	NorraLigan	K9us	Prismarine Shard	0.0	0.0	64	world	[-2748, 22, 1824]
2019	02	08	14	08	41	NorraLigan	K9us	Prismarine Shard	0.0	0.0	64	world	[-2748, 22, 1824]
2019	02	08	14	08	42	NorraLigan	K9us	Prismarine Shard	0.0	0.0	64	world	[-2748, 22, 1824]
2019	02	08	14	08	42	NorraLigan	K9us	Prismarine Shard	0.0	0.0	64	world	[-2748, 22, 1824]
2019	02	08	14	08	44	NorraLigan	K9us	Prismarine Shard	0.0	0.0	64	world	[-2748, 22, 1824]
2019	02	08	14	09	26	NorraLigan	K9us	Prismarine Shard	0.0	0.0	64	world	[-2750, 22, 1824]
2019	02	08	14	09	26	NorraLigan	K9us	Prismarine Shard	0.0	0.0	64	world	[-2750, 22, 1824]
2019	02	08	14	09	28	NorraLigan	K9us	Prismarine Shard	0.0	0.0	64	world	[-2750, 22, 1824]
2019	02	08	14	09	29	NorraLigan	K9us	Prismarine Shard	0.0	0.0	64	world	[-2750, 22, 1824]
2019	02	08	14	09	30	NorraLigan	K9us	Prismarine Shard	0.0	0.0	64	world	[-2750, 22, 1824]
2019	02	08	14	09	30	NorraLigan	K9us	Prismarine Shard	0.0	0.0	64	world	[-2750, 22, 1824]
2019	02	08	14	09	31	NorraLigan	K9us	Prismarine Shard	0.0	0.0	64	world	[-2750, 22, 1824]
2019	02	08	14	09	32	NorraLigan	K9us	Prismarine Shard	0.0	0.0	64	world	[-2750, 22, 1824]
2019	02	08	14	09	33	NorraLigan	K9us	Prismarine Shard	0.0	0.0	64	world	[-2750, 22, 1824]
2019	02	08	14	09	34	NorraLigan	K9us	Prismarine Shard	0.0	0.0	64	world	[-2749, 22, 1824]
2019	02	08	14	09	35	NorraLigan	K9us	Prismarine Shard	0.0	0.0	64	world	[-2749, 22, 1824]
2019	02	08	14	09	35	NorraLigan	K9us	Prismarine Shard	0.0	0.0	64	world	[-2749, 22, 1824]
2019	02	08	14	09	36	NorraLigan	K9us	Prismarine Shard	0.0	0.0	64	world	[-2749, 22, 1824]
2019	02	08	14	09	36	NorraLigan	K9us	Prismarine Shard	0.0	0.0	64	world	[-2749, 22, 1824]
2019	02	08	14	09	37	NorraLigan	K9us	Prismarine Shard	0.0	0.0	64	world	[-2749, 22, 1824]
2019	02	08	14	09	38	NorraLigan	K9us	Prismarine Shard	0.0	0.0	64	world	[-2749, 22, 1824]
2019	02	08	14	09	38	NorraLigan	K9us	Prismarine Shard	0.0	0.0	64	world	[-2749, 22, 1824]
2019	02	08	14	09	39	NorraLigan	K9us	Prismarine Shard	0.0	0.0	64	world	[-2749, 22, 1824]
2019	02	08	14	09	39	NorraLigan	K9us	Prismarine Shard	0.0	0.0	64	world	[-2749, 22, 1824]
2019	02	08	14	09	40	NorraLigan	K9us	Prismarine Shard	0.0	0.0	64	world	[-2750, 22, 1824]
2019	02	08	14	09	41	NorraLigan	K9us	Prismarine Shard	0.0	0.0	64	world	[-2750, 22, 1824]
2019	02	08	14	09	42	NorraLigan	K9us	Prismarine Shard	0.0	0.0	64	world	[-2750, 22, 1824]
2019	02	08	14	09	43	NorraLigan	K9us	Prismarine Shard	0.0	0.0	64	world	[-2749, 22, 1824]
2019	02	08	14	09	43	NorraLigan	K9us	Prismarine Shard	0.0	0.0	44	world	[-2749, 22, 1824]
2019	02	08	14	10	31	NorraLigan	K9us	Prismarine Shard	0.0	0.0	64	world	[-2749, 22, 1824]
2019	02	08	14	10	32	NorraLigan	K9us	Prismarine Shard	0.0	0.0	64	world	[-2749, 22, 1824]
2019	02	08	14	10	32	NorraLigan	K9us	Prismarine Shard	0.0	0.0	64	world	[-2749, 22, 1824]
2019	02	08	14	10	33	NorraLigan	K9us	Prismarine Shard	0.0	0.0	32	world	[-2749, 22, 1824]
2019	02	08	14	10	33	NorraLigan	K9us	Prismarine Shard	0.0	0.0	1	world	[-2749, 22, 1824]
2019	02	08	14	10	35	NorraLigan	K9us	Prismarine Shard	0.0	0.0	1	world	[-2749, 22, 1824]
2019	02	08	14	10	35	NorraLigan	K9us	Prismarine Shard	0.0	0.0	1	world	[-2749, 22, 1824]
2019	02	08	14	10	36	NorraLigan	K9us	Prismarine Shard	0.0	0.0	2	world	[-2749, 22, 1824]
2019	02	08	14	10	37	NorraLigan	K9us	Prismarine Shard	0.0	0.0	3	world	[-2749, 22, 1824]
2019	02	08	14	10	38	NorraLigan	K9us	Prismarine Shard	0.0	0.0	2	world	[-2749, 22, 1824]
2019	02	08	14	10	38	NorraLigan	K9us	Prismarine Shard	0.0	0.0	1	world	[-2749, 22, 1824]
2019	02	08	14	10	41	NorraLigan	K9us	Prismarine Shard	0.0	0.0	1	world	[-2749, 22, 1824]
2019	02	08	14	10	45	NorraLigan	K9us	Prismarine Shard	0.0	0.0	64	world	[-2748, 22, 1824]
2019	02	08	14	10	46	NorraLigan	K9us	Prismarine Shard	0.0	0.0	64	world	[-2748, 22, 1824]
2019	02	08	14	10	46	NorraLigan	K9us	Prismarine Shard	0.0	0.0	64	world	[-2748, 22, 1824]
2019	02	08	14	10	47	NorraLigan	K9us	Prismarine Shard	0.0	0.0	50	world	[-2748, 22, 1824]
2019	02	08	14	10	52	NorraLigan	K9us	Prismarine Shard	0.0	0.0	64	world	[-2750, 22, 1824]
2019	02	08	14	10	53	NorraLigan	K9us	Prismarine Shard	0.0	0.0	64	world	[-2750, 22, 1824]
2019	02	08	14	10	54	NorraLigan	K9us	Prismarine Shard	0.0	0.0	64	world	[-2750, 22, 1824]
2019	02	08	14	10	54	NorraLigan	K9us	Prismarine Shard	0.0	0.0	64	world	[-2750, 22, 1824]
2019	02	08	14	10	58	NorraLigan	K9us	Prismarine Shard	0.0	0.0	64	world	[-2750, 22, 1824]
2019	02	08	14	10	59	NorraLigan	K9us	Prismarine Shard	0.0	0.0	64	world	[-2750, 22, 1824]
2019	02	08	14	11	00	NorraLigan	K9us	Prismarine Shard	0.0	0.0	64	world	[-2750, 22, 1824]
2019	02	08	14	11	00	NorraLigan	K9us	Prismarine Shard	0.0	0.0	64	world	[-2750, 22, 1824]
2019	02	08	14	11	01	NorraLigan	K9us	Prismarine Shard	0.0	0.0	64	world	[-2750, 22, 1824]
2019	02	08	14	11	02	NorraLigan	K9us	Prismarine Shard	0.0	0.0	64	world	[-2750, 22, 1824]
2019	02	08	14	11	02	NorraLigan	K9us	Prismarine Shard	0.0	0.0	64	world	[-2750, 22, 1824]
2019	02	08	14	11	03	NorraLigan	K9us	Prismarine Shard	0.0	0.0	64	world	[-2750, 22, 1824]
2019	02	08	14	11	03	NorraLigan	K9us	Prismarine Shard	0.0	0.0	64	world	[-2750, 22, 1824]
2019	02	08	14	11	04	NorraLigan	K9us	Prismarine Shard	0.0	0.0	64	world	[-2750, 22, 1824]
2019	02	08	14	11	04	NorraLigan	K9us	Prismarine Shard	0.0	0.0	64	world	[-2750, 22, 1824]
2019	02	08	14	11	05	NorraLigan	K9us	Prismarine Shard	0.0	0.0	34	world	[-2750, 22, 1824]
2019	02	08	20	22	17	freakdown	K9us	Prismarine Shard	0.0	0.0	61	world	[-2748, 22, 1824]
2019	02	08	20	22	18	freakdown	K9us	Prismarine Shard	0.0	0.0	64	world	[-2749, 22, 1824]
2019	02	08	20	22	19	freakdown	K9us	Prismarine Shard	0.0	0.0	64	world	[-2749, 22, 1824]
2019	02	08	20	22	20	freakdown	K9us	Prismarine Shard	0.0	0.0	64	world	[-2749, 22, 1824]
2019	02	08	20	22	20	freakdown	K9us	Prismarine Shard	0.0	0.0	57	world	[-2749, 22, 1824]
2019	02	08	20	22	33	freakdown	K9us	Prismarine Shard	0.0	0.0	64	world	[-2750, 22, 1824]
2019	02	08	20	22	34	freakdown	K9us	Prismarine Shard	0.0	0.0	64	world	[-2750, 22, 1824]
2019	02	08	20	22	35	freakdown	K9us	Prismarine Shard	0.0	0.0	64	world	[-2750, 22, 1824]
2019	02	08	20	22	35	freakdown	K9us	Prismarine Shard	0.0	0.0	64	world	[-2750, 22, 1824]
2019	02	08	20	23	03	freakdown	K9us	Prismarine Shard	0.0	0.0	64	world	[-2750, 22, 1824]
2019	02	08	20	23	04	freakdown	K9us	Prismarine Shard	0.0	0.0	64	world	[-2750, 22, 1824]
2019	02	08	20	23	04	freakdown	K9us	Prismarine Shard	0.0	0.0	64	world	[-2750, 22, 1824]
2019	02	08	20	23	05	freakdown	K9us	Prismarine Shard	0.0	0.0	64	world	[-2750, 22, 1824]
2019	02	08	20	23	06	freakdown	K9us	Prismarine Shard	0.0	0.0	64	world	[-2750, 22, 1824]
2019	02	08	20	23	06	freakdown	K9us	Prismarine Shard	0.0	0.0	64	world	[-2750, 22, 1824]
2019	02	08	20	23	07	freakdown	K9us	Prismarine Shard	0.0	0.0	64	world	[-2750, 22, 1824]
2019	02	08	20	23	08	freakdown	K9us	Prismarine Shard	0.0	0.0	64	world	[-2750, 22, 1824]
2019	02	08	20	23	08	freakdown	K9us	Prismarine Shard	0.0	0.0	64	world	[-2750, 22, 1824]
2019	02	08	20	23	09	freakdown	K9us	Prismarine Shard	0.0	0.0	64	world	[-2750, 22, 1824]
2019	02	14	16	51	10	Aewheros	K9us	Prismarine Shard	0.0	0.0	1	world	[-2750, 22, 1824]
2019	02	14	16	51	11	Aewheros	K9us	Prismarine Shard	0.0	0.0	1	world	[-2750, 22, 1824]
2019	02	14	16	51	11	Aewheros	K9us	Prismarine Shard	0.0	0.0	64	world	[-2750, 22, 1824]
2019	02	14	16	51	12	Aewheros	K9us	Prismarine Shard	0.0	0.0	64	world	[-2750, 22, 1824]
2019	02	14	16	51	13	Aewheros	K9us	Prismarine Shard	0.0	0.0	64	world	[-2750, 22, 1824]
2019	02	14	16	51	13	Aewheros	K9us	Prismarine Shard	0.0	0.0	64	world	[-2750, 22, 1824]
2019	02	14	16	51	14	Aewheros	K9us	Prismarine Shard	0.0	0.0	64	world	[-2750, 22, 1824]
2019	02	14	16	51	14	Aewheros	K9us	Prismarine Shard	0.0	0.0	64	world	[-2750, 22, 1824]
2019	02	14	16	51	15	Aewheros	K9us	Prismarine Shard	0.0	0.0	64	world	[-2750, 22, 1824]
2019	02	14	16	51	16	Aewheros	K9us	Prismarine Shard	0.0	0.0	64	world	[-2750, 22, 1824]
2019	02	14	16	51	16	Aewheros	K9us	Prismarine Shard	0.0	0.0	64	world	[-2750, 22, 1824]
2019	02	14	16	51	17	Aewheros	K9us	Prismarine Shard	0.0	0.0	64	world	[-2750, 22, 1824]
2019	02	14	16	51	17	Aewheros	K9us	Prismarine Shard	0.0	0.0	64	world	[-2750, 22, 1824]
2019	02	14	16	51	18	Aewheros	K9us	Prismarine Shard	0.0	0.0	64	world	[-2750, 22, 1824]
2019	02	14	16	51	19	Aewheros	K9us	Prismarine Shard	0.0	0.0	64	world	[-2750, 22, 1824]
2019	02	14	16	51	19	Aewheros	K9us	Prismarine Shard	0.0	0.0	64	world	[-2750, 22, 1824]
2019	02	14	16	51	20	Aewheros	K9us	Prismarine Shard	0.0	0.0	64	world	[-2750, 22, 1824]
2019	02	14	16	51	20	Aewheros	K9us	Prismarine Shard	0.0	0.0	64	world	[-2750, 22, 1824]
2019	02	14	16	51	21	Aewheros	K9us	Prismarine Shard	0.0	0.0	64	world	[-2750, 22, 1824]
2019	02	14	16	51	22	Aewheros	K9us	Prismarine Shard	0.0	0.0	64	world	[-2750, 22, 1824]
2019	02	14	16	51	22	Aewheros	K9us	Prismarine Shard	0.0	0.0	64	world	[-2750, 22, 1824]
2019	02	14	16	51	23	Aewheros	K9us	Prismarine Shard	0.0	0.0	64	world	[-2750, 22, 1824]
2019	02	14	16	51	23	Aewheros	K9us	Prismarine Shard	0.0	0.0	64	world	[-2750, 22, 1824]
2019	02	14	16	51	24	Aewheros	K9us	Prismarine Shard	0.0	0.0	64	world	[-2750, 22, 1824]
2019	02	14	16	51	38	Aewheros	K9us	Prismarine Shard	0.0	0.0	64	world	[-2750, 22, 1824]
2019	02	14	16	51	40	Aewheros	K9us	Prismarine Shard	0.0	0.0	64	world	[-2750, 22, 1824]
2019	02	14	16	51	40	Aewheros	K9us	Prismarine Shard	0.0	0.0	64	world	[-2750, 22, 1824]
2019	02	14	16	51	41	Aewheros	K9us	Prismarine Shard	0.0	0.0	64	world	[-2750, 22, 1824]
2019	02	14	16	51	42	Aewheros	K9us	Prismarine Shard	0.0	0.0	64	world	[-2750, 22, 1824]
2019	02	14	16	51	42	Aewheros	K9us	Prismarine Shard	0.0	0.0	64	world	[-2750, 22, 1824]
2019	02	14	16	51	43	Aewheros	K9us	Prismarine Shard	0.0	0.0	64	world	[-2750, 22, 1824]
2019	02	14	16	51	43	Aewheros	K9us	Prismarine Shard	0.0	0.0	64	world	[-2750, 22, 1824]
2019	02	14	16	51	44	Aewheros	K9us	Prismarine Shard	0.0	0.0	64	world	[-2750, 22, 1824]
2019	02	14	16	51	45	Aewheros	K9us	Prismarine Shard	0.0	0.0	64	world	[-2750, 22, 1824]
2019	02	14	16	51	45	Aewheros	K9us	Prismarine Shard	0.0	0.0	64	world	[-2750, 22, 1824]
2019	02	14	16	51	46	Aewheros	K9us	Prismarine Shard	0.0	0.0	64	world	[-2750, 22, 1824]
2019	02	14	16	51	46	Aewheros	K9us	Prismarine Shard	0.0	0.0	64	world	[-2750, 22, 1824]
2019	02	14	16	51	47	Aewheros	K9us	Prismarine Shard	0.0	0.0	64	world	[-2750, 22, 1824]
2019	02	14	16	51	48	Aewheros	K9us	Prismarine Shard	0.0	0.0	64	world	[-2750, 22, 1824]
2019	02	14	16	51	48	Aewheros	K9us	Prismarine Shard	0.0	0.0	64	world	[-2750, 22, 1824]
2019	02	14	16	51	49	Aewheros	K9us	Prismarine Shard	0.0	0.0	64	world	[-2750, 22, 1824]
2019	02	14	16	51	50	Aewheros	K9us	Prismarine Shard	0.0	0.0	64	world	[-2750, 22, 1824]
2019	02	14	16	51	50	Aewheros	K9us	Prismarine Shard	0.0	0.0	64	world	[-2750, 22, 1824]
2019	02	14	16	51	51	Aewheros	K9us	Prismarine Shard	0.0	0.0	64	world	[-2750, 22, 1824]
2019	02	14	16	51	51	Aewheros	K9us	Prismarine Shard	0.0	0.0	64	world	[-2750, 22, 1824]
2019	02	14	16	52	02	Aewheros	K9us	Prismarine Shard	0.0	0.0	64	world	[-2750, 22, 1824]
2019	02	14	16	52	03	Aewheros	K9us	Prismarine Shard	0.0	0.0	64	world	[-2750, 22, 1824]
2019	02	14	16	52	03	Aewheros	K9us	Prismarine Shard	0.0	0.0	64	world	[-2750, 22, 1824]
2019	02	14	16	52	04	Aewheros	K9us	Prismarine Shard	0.0	0.0	64	world	[-2750, 22, 1824]
2019	02	14	16	52	05	Aewheros	K9us	Prismarine Shard	0.0	0.0	64	world	[-2750, 22, 1824]
2019	02	14	16	52	05	Aewheros	K9us	Prismarine Shard	0.0	0.0	64	world	[-2750, 22, 1824]
2019	02	14	16	52	06	Aewheros	K9us	Prismarine Shard	0.0	0.0	64	world	[-2750, 22, 1824]
2019	02	14	16	52	06	Aewheros	K9us	Prismarine Shard	0.0	0.0	64	world	[-2750, 22, 1824]
2019	02	14	16	52	07	Aewheros	K9us	Prismarine Shard	0.0	0.0	64	world	[-2750, 22, 1824]
2019	02	14	16	52	08	Aewheros	K9us	Prismarine Shard	0.0	0.0	64	world	[-2750, 22, 1824]
2019	02	14	16	52	08	Aewheros	K9us	Prismarine Shard	0.0	0.0	64	world	[-2750, 22, 1824]
2019	02	14	16	52	09	Aewheros	K9us	Prismarine Shard	0.0	0.0	64	world	[-2750, 22, 1824]
2019	02	14	16	52	09	Aewheros	K9us	Prismarine Shard	0.0	0.0	64	world	[-2750, 22, 1824]
2019	02	14	16	52	10	Aewheros	K9us	Prismarine Shard	0.0	0.0	18	world	[-2750, 22, 1824]
2019	02	14	16	52	11	Aewheros	K9us	Prismarine Shard	0.0	0.0	2	world	[-2750, 22, 1824]
2019	02	14	16	52	11	Aewheros	K9us	Prismarine Shard	0.0	0.0	1	world	[-2750, 22, 1824]
2019	02	14	16	52	19	Aewheros	K9us	Prismarine Shard	0.0	0.0	64	world	[-2749, 22, 1824]
2019	02	14	16	52	19	Aewheros	K9us	Prismarine Shard	0.0	0.0	64	world	[-2749, 22, 1824]
2019	02	14	16	52	20	Aewheros	K9us	Prismarine Shard	0.0	0.0	64	world	[-2749, 22, 1824]
2019	02	14	16	52	21	Aewheros	K9us	Prismarine Shard	0.0	0.0	64	world	[-2749, 22, 1824]
2019	02	14	16	52	21	Aewheros	K9us	Prismarine Shard	0.0	0.0	64	world	[-2749, 22, 1824]
2019	02	14	16	52	22	Aewheros	K9us	Prismarine Shard	0.0	0.0	64	world	[-2749, 22, 1824]
2019	02	14	16	52	22	Aewheros	K9us	Prismarine Shard	0.0	0.0	64	world	[-2749, 22, 1824]
2019	02	14	16	52	23	Aewheros	K9us	Prismarine Shard	0.0	0.0	64	world	[-2749, 22, 1824]
2019	02	14	16	52	24	Aewheros	K9us	Prismarine Shard	0.0	0.0	64	world	[-2749, 22, 1824]
2019	02	14	16	52	24	Aewheros	K9us	Prismarine Shard	0.0	0.0	64	world	[-2749, 22, 1824]
2019	02	14	16	52	25	Aewheros	K9us	Prismarine Shard	0.0	0.0	64	world	[-2749, 22, 1824]
2019	02	14	16	52	25	Aewheros	K9us	Prismarine Shard	0.0	0.0	64	world	[-2749, 22, 1824]
2019	02	14	16	52	26	Aewheros	K9us	Prismarine Shard	0.0	0.0	64	world	[-2749, 22, 1824]
2019	02	14	16	52	27	Aewheros	K9us	Prismarine Shard	0.0	0.0	64	world	[-2749, 22, 1824]
2019	02	14	16	52	27	Aewheros	K9us	Prismarine Shard	0.0	0.0	64	world	[-2749, 22, 1824]
2019	02	14	16	52	28	Aewheros	K9us	Prismarine Shard	0.0	0.0	64	world	[-2749, 22, 1824]
2019	02	14	16	52	28	Aewheros	K9us	Prismarine Shard	0.0	0.0	63	world	[-2749, 22, 1824]
2019	02	14	16	52	37	Aewheros	K9us	Prismarine Shard	0.0	0.0	64	world	[-2746, 22, 1824]
2019	02	14	16	52	38	Aewheros	K9us	Prismarine Shard	0.0	0.0	64	world	[-2746, 22, 1824]
2019	02	14	16	52	38	Aewheros	K9us	Prismarine Shard	0.0	0.0	64	world	[-2746, 22, 1824]
2019	02	14	16	52	39	Aewheros	K9us	Prismarine Shard	0.0	0.0	64	world	[-2746, 22, 1824]
2019	02	14	16	52	40	Aewheros	K9us	Prismarine Shard	0.0	0.0	64	world	[-2746, 22, 1824]
2019	02	14	16	52	40	Aewheros	K9us	Prismarine Shard	0.0	0.0	64	world	[-2746, 22, 1824]
2019	02	14	16	52	41	Aewheros	K9us	Prismarine Shard	0.0	0.0	64	world	[-2746, 22, 1824]
2019	02	14	16	52	42	Aewheros	K9us	Prismarine Shard	0.0	0.0	64	world	[-2746, 22, 1824]
2019	02	14	16	52	42	Aewheros	K9us	Prismarine Shard	0.0	0.0	64	world	[-2746, 22, 1824]
2019	02	14	16	52	43	Aewheros	K9us	Prismarine Shard	0.0	0.0	21	world	[-2746, 22, 1824]
2019	02	14	16	53	00	Aewheros	K9us	Prismarine Shard	0.0	0.0	64	world	[-2748, 22, 1824]
2019	02	14	16	53	01	Aewheros	K9us	Prismarine Shard	0.0	0.0	64	world	[-2748, 22, 1824]
2019	02	14	16	53	01	Aewheros	K9us	Prismarine Shard	0.0	0.0	64	world	[-2748, 22, 1824]
2019	02	14	16	53	02	Aewheros	K9us	Prismarine Shard	0.0	0.0	64	world	[-2748, 22, 1824]
2019	02	14	16	53	02	Aewheros	K9us	Prismarine Shard	0.0	0.0	64	world	[-2748, 22, 1824]
2019	02	14	16	53	03	Aewheros	K9us	Prismarine Shard	0.0	0.0	64	world	[-2748, 22, 1824]
2019	02	14	16	53	04	Aewheros	K9us	Prismarine Shard	0.0	0.0	64	world	[-2748, 22, 1824]
2019	02	14	16	53	04	Aewheros	K9us	Prismarine Shard	0.0	0.0	64	world	[-2748, 22, 1824]
2019	02	14	16	53	05	Aewheros	K9us	Prismarine Shard	0.0	0.0	64	world	[-2748, 22, 1824]
2019	02	14	16	53	05	Aewheros	K9us	Prismarine Shard	0.0	0.0	64	world	[-2748, 22, 1824]
2019	02	14	16	53	06	Aewheros	K9us	Prismarine Shard	0.0	0.0	64	world	[-2748, 22, 1824]
2019	02	14	16	53	07	Aewheros	K9us	Prismarine Shard	0.0	0.0	64	world	[-2748, 22, 1824]
2019	02	14	16	53	07	Aewheros	K9us	Prismarine Shard	0.0	0.0	64	world	[-2748, 22, 1824]
2019	02	14	16	53	08	Aewheros	K9us	Prismarine Shard	0.0	0.0	64	world	[-2748, 22, 1824]
2019	02	14	16	53	08	Aewheros	K9us	Prismarine Shard	0.0	0.0	59	world	[-2748, 22, 1824]
2019	02	14	16	53	30	Aewheros	K9us	Prismarine Shard	0.0	0.0	1	world	[-2749, 22, 1824]
2019	02	14	16	53	31	Aewheros	K9us	Prismarine Shard	0.0	0.0	1	world	[-2749, 22, 1824]
2019	02	14	16	53	31	Aewheros	K9us	Prismarine Shard	0.0	0.0	64	world	[-2749, 22, 1824]
2019	02	14	16	53	32	Aewheros	K9us	Prismarine Shard	0.0	0.0	64	world	[-2749, 22, 1824]
2019	02	14	16	53	32	Aewheros	K9us	Prismarine Shard	0.0	0.0	64	world	[-2749, 22, 1824]
2019	02	14	16	53	33	Aewheros	K9us	Prismarine Shard	0.0	0.0	64	world	[-2749, 22, 1824]
2019	02	14	16	53	34	Aewheros	K9us	Prismarine Shard	0.0	0.0	64	world	[-2749, 22, 1824]
2019	02	14	16	53	34	Aewheros	K9us	Prismarine Shard	0.0	0.0	64	world	[-2749, 22, 1824]
2019	02	14	16	53	35	Aewheros	K9us	Prismarine Shard	0.0	0.0	64	world	[-2749, 22, 1824]
2019	02	14	16	53	35	Aewheros	K9us	Prismarine Shard	0.0	0.0	64	world	[-2749, 22, 1824]
2019	02	14	16	53	36	Aewheros	K9us	Prismarine Shard	0.0	0.0	64	world	[-2749, 22, 1824]
2019	02	14	16	53	37	Aewheros	K9us	Prismarine Shard	0.0	0.0	64	world	[-2749, 22, 1824]
2019	02	14	16	53	37	Aewheros	K9us	Prismarine Shard	0.0	0.0	64	world	[-2749, 22, 1824]
2019	02	14	16	53	38	Aewheros	K9us	Prismarine Shard	0.0	0.0	64	world	[-2749, 22, 1824]
2019	02	14	16	53	38	Aewheros	K9us	Prismarine Shard	0.0	0.0	64	world	[-2749, 22, 1824]
2019	02	14	16	53	39	Aewheros	K9us	Prismarine Shard	0.0	0.0	64	world	[-2749, 22, 1824]
2019	02	14	16	53	40	Aewheros	K9us	Prismarine Shard	0.0	0.0	64	world	[-2749, 22, 1824]
2019	02	14	16	53	40	Aewheros	K9us	Prismarine Shard	0.0	0.0	64	world	[-2749, 22, 1824]
2019	02	14	16	53	41	Aewheros	K9us	Prismarine Shard	0.0	0.0	64	world	[-2749, 22, 1824]
2019	02	14	16	53	42	Aewheros	K9us	Prismarine Shard	0.0	0.0	64	world	[-2748, 22, 1824]
2019	02	14	16	53	42	Aewheros	K9us	Prismarine Shard	0.0	0.0	64	world	[-2748, 22, 1824]
2019	02	14	16	53	43	Aewheros	K9us	Prismarine Shard	0.0	0.0	64	world	[-2748, 22, 1824]
2019	02	14	16	53	44	Aewheros	K9us	Prismarine Shard	0.0	0.0	64	world	[-2748, 22, 1824]
2019	02	14	16	53	44	Aewheros	K9us	Prismarine Shard	0.0	0.0	64	world	[-2748, 22, 1824]
2019	02	14	16	53	45	Aewheros	K9us	Prismarine Shard	0.0	0.0	64	world	[-2748, 22, 1824]
2019	02	14	16	53	45	Aewheros	K9us	Prismarine Shard	0.0	0.0	64	world	[-2748, 22, 1824]
2019	02	14	16	53	46	Aewheros	K9us	Prismarine Shard	0.0	0.0	64	world	[-2748, 22, 1824]
2019	02	14	16	53	47	Aewheros	K9us	Prismarine Shard	0.0	0.0	56	world	[-2748, 22, 1824]
2019	02	14	16	53	59	Aewheros	K9us	Prismarine Shard	0.0	0.0	64	world	[-2748, 22, 1824]
2019	02	14	16	53	59	Aewheros	K9us	Prismarine Shard	0.0	0.0	64	world	[-2748, 22, 1824]
2019	02	14	16	54	00	Aewheros	K9us	Prismarine Shard	0.0	0.0	64	world	[-2748, 22, 1824]
2019	02	14	16	54	01	Aewheros	K9us	Prismarine Shard	0.0	0.0	64	world	[-2748, 22, 1824]
2019	02	14	16	54	01	Aewheros	K9us	Prismarine Shard	0.0	0.0	64	world	[-2748, 22, 1824]
2019	02	14	16	54	02	Aewheros	K9us	Prismarine Shard	0.0	0.0	64	world	[-2748, 22, 1824]
2019	02	14	16	54	02	Aewheros	K9us	Prismarine Shard	0.0	0.0	43	world	[-2748, 22, 1824]
2019	02	14	16	54	05	Aewheros	K9us	Prismarine Shard	0.0	0.0	64	world	[-2749, 22, 1824]
2019	02	14	16	54	05	Aewheros	K9us	Prismarine Shard	0.0	0.0	64	world	[-2749, 22, 1824]
2019	02	14	16	54	06	Aewheros	K9us	Prismarine Shard	0.0	0.0	64	world	[-2749, 22, 1824]
2019	02	14	16	54	07	Aewheros	K9us	Prismarine Shard	0.0	0.0	64	world	[-2749, 22, 1824]
2019	02	14	16	54	07	Aewheros	K9us	Prismarine Shard	0.0	0.0	64	world	[-2749, 22, 1824]
2019	02	14	16	54	08	Aewheros	K9us	Prismarine Shard	0.0	0.0	64	world	[-2749, 22, 1824]
2019	02	14	16	54	08	Aewheros	K9us	Prismarine Shard	0.0	0.0	64	world	[-2749, 22, 1824]
2019	02	14	16	54	09	Aewheros	K9us	Prismarine Shard	0.0	0.0	64	world	[-2749, 22, 1824]
2019	02	14	16	54	10	Aewheros	K9us	Prismarine Shard	0.0	0.0	64	world	[-2749, 22, 1824]
2019	02	14	16	54	10	Aewheros	K9us	Prismarine Shard	0.0	0.0	64	world	[-2749, 22, 1824]
2019	02	14	16	54	11	Aewheros	K9us	Prismarine Shard	0.0	0.0	64	world	[-2749, 22, 1824]
2019	02	14	16	54	11	Aewheros	K9us	Prismarine Shard	0.0	0.0	64	world	[-2749, 22, 1824]
2019	02	14	16	54	12	Aewheros	K9us	Prismarine Shard	0.0	0.0	64	world	[-2749, 22, 1824]
2019	02	14	16	54	13	Aewheros	K9us	Prismarine Shard	0.0	0.0	64	world	[-2749, 22, 1824]
2019	02	14	16	54	13	Aewheros	K9us	Prismarine Shard	0.0	0.0	64	world	[-2749, 22, 1824]
2019	02	14	16	54	14	Aewheros	K9us	Prismarine Shard	0.0	0.0	64	world	[-2749, 22, 1824]
2019	02	14	16	54	14	Aewheros	K9us	Prismarine Shard	0.0	0.0	13	world	[-2749, 22, 1824]
2019	02	14	16	54	29	Aewheros	K9us	Prismarine Shard	0.0	0.0	64	world	[-2749, 22, 1824]
2019	02	14	16	54	30	Aewheros	K9us	Prismarine Shard	0.0	0.0	64	world	[-2749, 22, 1824]
2019	02	14	16	54	30	Aewheros	K9us	Prismarine Shard	0.0	0.0	64	world	[-2749, 22, 1824]
2019	02	14	16	54	31	Aewheros	K9us	Prismarine Shard	0.0	0.0	64	world	[-2749, 22, 1824]
2019	02	14	16	54	32	Aewheros	K9us	Prismarine Shard	0.0	0.0	64	world	[-2749, 22, 1824]
2019	02	14	16	54	32	Aewheros	K9us	Prismarine Shard	0.0	0.0	60	world	[-2749, 22, 1824]
2019	02	14	16	54	34	Aewheros	K9us	Prismarine Shard	0.0	0.0	64	world	[-2750, 22, 1824]
2019	02	14	16	54	35	Aewheros	K9us	Prismarine Shard	0.0	0.0	64	world	[-2750, 22, 1824]
2019	02	14	16	54	35	Aewheros	K9us	Prismarine Shard	0.0	0.0	64	world	[-2750, 22, 1824]
2019	02	14	16	54	36	Aewheros	K9us	Prismarine Shard	0.0	0.0	64	world	[-2750, 22, 1824]
2019	02	14	16	54	37	Aewheros	K9us	Prismarine Shard	0.0	0.0	64	world	[-2750, 22, 1824]
2019	02	14	16	54	37	Aewheros	K9us	Prismarine Shard	0.0	0.0	42	world	[-2750, 22, 1824]
2019	02	14	16	54	38	Aewheros	K9us	Prismarine Shard	0.0	0.0	1	world	[-2750, 22, 1824]
2019	02	14	16	54	54	Aewheros	K9us	Prismarine Shard	0.0	0.0	15	world	[-2749, 22, 1824]
2019	02	14	16	54	56	Aewheros	K9us	Prismarine Shard	0.0	0.0	40	world	[-2750, 22, 1824]
2019	02	14	16	54	56	Aewheros	K9us	Prismarine Shard	0.0	0.0	1	world	[-2750, 22, 1824]
2019	02	14	16	54	57	Aewheros	K9us	Prismarine Shard	0.0	0.0	2	world	[-2750, 22, 1824]
2019	02	15	07	30	20	NorraLigan	K9us	Prismarine Shard	0.0	0.0	62	world	[-2749, 22, 1824]
2019	02	15	07	30	23	NorraLigan	K9us	Prismarine Shard	0.0	0.0	64	world	[-2750, 22, 1824]
2019	02	15	07	30	24	NorraLigan	K9us	Prismarine Shard	0.0	0.0	64	world	[-2750, 22, 1824]
2019	02	15	07	30	24	NorraLigan	K9us	Prismarine Shard	0.0	0.0	64	world	[-2750, 22, 1824]
2019	02	15	07	30	25	NorraLigan	K9us	Prismarine Shard	0.0	0.0	64	world	[-2750, 22, 1824]
2019	02	15	07	30	26	NorraLigan	K9us	Prismarine Shard	0.0	0.0	1	world	[-2750, 22, 1824]
2019	02	15	07	30	29	NorraLigan	K9us	Prismarine Shard	0.0	0.0	1	world	[-2750, 22, 1824]
2019	02	15	07	30	55	NorraLigan	K9us	Prismarine Shard	0.0	0.0	64	world	[-2750, 22, 1824]
2019	02	15	07	30	56	NorraLigan	K9us	Prismarine Shard	0.0	0.0	64	world	[-2750, 22, 1824]
2019	02	15	07	30	58	NorraLigan	K9us	Prismarine Shard	0.0	0.0	64	world	[-2750, 22, 1824]
2019	02	15	07	30	59	NorraLigan	K9us	Prismarine Shard	0.0	0.0	64	world	[-2750, 22, 1824]
2019	02	15	07	31	21	NorraLigan	K9us	Prismarine Shard	0.0	0.0	64	world	[-2750, 22, 1824]
2019	02	15	07	31	21	NorraLigan	K9us	Prismarine Shard	0.0	0.0	64	world	[-2750, 22, 1824]
2019	02	15	07	31	22	NorraLigan	K9us	Prismarine Shard	0.0	0.0	56	world	[-2750, 22, 1824]
2019	02	15	07	31	23	NorraLigan	K9us	Prismarine Shard	0.0	0.0	1	world	[-2750, 22, 1824]
2019	02	15	07	31	26	NorraLigan	K9us	Prismarine Shard	0.0	0.0	8	world	[-2750, 22, 1824]
2019	02	15	07	31	28	NorraLigan	K9us	Prismarine Shard	0.0	0.0	6	world	[-2750, 22, 1824]
2019	02	15	07	31	29	NorraLigan	K9us	Prismarine Shard	0.0	0.0	2	world	[-2750, 22, 1824]
2019	02	15	07	31	30	NorraLigan	K9us	Prismarine Shard	0.0	0.0	2	world	[-2750, 22, 1824]
2019	02	15	07	31	30	NorraLigan	K9us	Prismarine Shard	0.0	0.0	2	world	[-2750, 22, 1824]
2019	02	15	07	31	31	NorraLigan	K9us	Prismarine Shard	0.0	0.0	1	world	[-2750, 22, 1824]
2019	02	15	07	31	33	NorraLigan	K9us	Prismarine Shard	2.0	128.0	64	world	[-2750, 21, 1824]
2019	02	15	07	32	02	NorraLigan	K9us	Prismarine Shard	0.0	0.0	64	world	[-2750, 22, 1824]
2019	02	15	07	32	03	NorraLigan	K9us	Prismarine Shard	0.0	0.0	14	world	[-2750, 22, 1824]
2019	02	15	07	32	03	NorraLigan	K9us	Prismarine Shard	0.0	0.0	1	world	[-2750, 22, 1824]
2019	02	15	07	32	04	NorraLigan	K9us	Prismarine Shard	0.0	0.0	2	world	[-2750, 22, 1824]
2019	02	15	07	32	24	NorraLigan	K9us	Prismarine Shard	0.0	0.0	51	world	[-2750, 22, 1824]
2019	02	15	07	33	41	NorraLigan	K9us	Prismarine Shard	0.0	0.0	64	world	[-2750, 22, 1824]
2019	02	15	07	33	41	NorraLigan	K9us	Prismarine Shard	0.0	0.0	64	world	[-2750, 22, 1824]
2019	02	15	07	33	42	NorraLigan	K9us	Prismarine Shard	0.0	0.0	18	world	[-2750, 22, 1824]
2019	02	15	07	33	43	NorraLigan	K9us	Prismarine Shard	0.0	0.0	1	world	[-2750, 22, 1824]
2019	02	15	07	33	43	NorraLigan	K9us	Prismarine Shard	0.0	0.0	2	world	[-2750, 22, 1824]
2019	02	15	07	33	44	NorraLigan	K9us	Prismarine Shard	2.0	128.0	64	world	[-2750, 21, 1824]
2019	02	15	07	33	45	NorraLigan	K9us	Prismarine Shard	2.0	128.0	64	world	[-2750, 21, 1824]
2019	02	15	07	33	45	NorraLigan	K9us	Prismarine Shard	2.0	128.0	64	world	[-2750, 21, 1824]
2019	02	15	07	33	49	NorraLigan	K9us	Prismarine Shard	0.0	0.0	64	world	[-2749, 22, 1824]
2019	02	15	07	33	50	NorraLigan	K9us	Prismarine Shard	0.0	0.0	64	world	[-2749, 22, 1824]
2019	02	15	07	33	50	NorraLigan	K9us	Prismarine Shard	0.0	0.0	3	world	[-2749, 22, 1824]
2019	02	15	07	33	53	NorraLigan	K9us	Prismarine Shard	0.0	0.0	5	world	[-2748, 22, 1824]
2019	02	15	07	34	00	NorraLigan	K9us	Prismarine Shard	0.0	0.0	33	world	[-2750, 22, 1824]
2019	02	15	07	34	48	NorraLigan	K9us	Prismarine Shard	0.0	0.0	64	world	[-2750, 22, 1824]
2019	02	15	07	34	51	NorraLigan	K9us	Prismarine Shard	0.0	0.0	52	world	[-2750, 22, 1824]
2019	02	15	07	34	53	NorraLigan	K9us	Prismarine Shard	0.0	0.0	6	world	[-2750, 22, 1824]
2019	02	15	07	34	54	NorraLigan	K9us	Prismarine Shard	0.0	0.0	2	world	[-2750, 22, 1824]
2019	02	17	18	44	20	Aewheros	K9us	Prismarine Shard	0.0	0.0	1	world	[-2746, 22, 1824]
2019	02	17	18	44	21	Aewheros	K9us	Prismarine Shard	0.0	0.0	1	world	[-2746, 22, 1824]
2019	02	17	18	44	22	Aewheros	K9us	Prismarine Shard	0.0	0.0	64	world	[-2746, 22, 1824]
2019	02	17	18	44	22	Aewheros	K9us	Prismarine Shard	0.0	0.0	64	world	[-2746, 22, 1824]
2019	02	17	18	44	23	Aewheros	K9us	Prismarine Shard	0.0	0.0	64	world	[-2746, 22, 1824]
2019	02	17	18	44	24	Aewheros	K9us	Prismarine Shard	0.0	0.0	64	world	[-2746, 22, 1824]
2019	02	17	18	44	24	Aewheros	K9us	Prismarine Shard	0.0	0.0	64	world	[-2746, 22, 1824]
2019	02	17	18	44	25	Aewheros	K9us	Prismarine Shard	0.0	0.0	64	world	[-2746, 22, 1824]
2019	02	17	18	44	27	Aewheros	K9us	Prismarine Shard	0.0	0.0	64	world	[-2750, 22, 1824]
2019	02	17	18	44	28	Aewheros	K9us	Prismarine Shard	0.0	0.0	64	world	[-2750, 22, 1824]
2019	02	17	18	44	29	Aewheros	K9us	Prismarine Shard	0.0	0.0	64	world	[-2750, 22, 1824]
2019	02	17	18	44	29	Aewheros	K9us	Prismarine Shard	0.0	0.0	64	world	[-2750, 22, 1824]
2019	02	17	18	44	30	Aewheros	K9us	Prismarine Shard	0.0	0.0	64	world	[-2750, 22, 1824]
2019	02	17	18	44	30	Aewheros	K9us	Prismarine Shard	0.0	0.0	64	world	[-2750, 22, 1824]
2019	02	17	18	44	31	Aewheros	K9us	Prismarine Shard	0.0	0.0	64	world	[-2750, 22, 1824]
2019	02	17	18	44	32	Aewheros	K9us	Prismarine Shard	0.0	0.0	64	world	[-2750, 22, 1824]
2019	02	17	18	44	32	Aewheros	K9us	Prismarine Shard	0.0	0.0	64	world	[-2750, 22, 1824]
2019	02	17	18	44	33	Aewheros	K9us	Prismarine Shard	0.0	0.0	62	world	[-2750, 22, 1824]
2019	02	17	18	44	43	Aewheros	K9us	Prismarine Shard	0.0	0.0	1	world	[-2750, 22, 1824]
2019	02	17	18	44	43	Aewheros	K9us	Prismarine Shard	0.0	0.0	1	world	[-2750, 22, 1824]
2019	02	17	18	44	44	Aewheros	K9us	Prismarine Shard	0.0	0.0	1	world	[-2750, 22, 1824]
2019	02	17	18	44	45	Aewheros	K9us	Prismarine Shard	0.0	0.0	64	world	[-2750, 22, 1824]
2019	02	17	18	44	45	Aewheros	K9us	Prismarine Shard	0.0	0.0	64	world	[-2750, 22, 1824]
2019	02	17	18	44	46	Aewheros	K9us	Prismarine Shard	0.0	0.0	64	world	[-2750, 22, 1824]
2019	02	17	18	44	47	Aewheros	K9us	Prismarine Shard	0.0	0.0	64	world	[-2750, 22, 1824]
2019	02	17	18	44	48	Aewheros	K9us	Prismarine Shard	0.0	0.0	64	world	[-2750, 22, 1824]
2019	02	17	18	44	49	Aewheros	K9us	Prismarine Shard	0.0	0.0	64	world	[-2750, 22, 1824]
2019	02	17	18	44	49	Aewheros	K9us	Prismarine Shard	0.0	0.0	64	world	[-2750, 22, 1824]
2019	02	17	18	44	50	Aewheros	K9us	Prismarine Shard	0.0	0.0	64	world	[-2750, 22, 1824]
2019	02	17	18	44	51	Aewheros	K9us	Prismarine Shard	0.0	0.0	64	world	[-2750, 22, 1824]
2019	02	17	18	44	51	Aewheros	K9us	Prismarine Shard	0.0	0.0	64	world	[-2750, 22, 1824]
2019	02	17	18	44	52	Aewheros	K9us	Prismarine Shard	0.0	0.0	64	world	[-2750, 22, 1824]
2019	02	17	18	44	52	Aewheros	K9us	Prismarine Shard	0.0	0.0	64	world	[-2750, 22, 1824]
2019	02	17	18	44	53	Aewheros	K9us	Prismarine Shard	0.0	0.0	64	world	[-2750, 22, 1824]
2019	02	17	18	44	54	Aewheros	K9us	Prismarine Shard	0.0	0.0	54	world	[-2750, 22, 1824]
2019	02	17	18	45	03	Aewheros	K9us	Prismarine Shard	0.0	0.0	64	world	[-2750, 22, 1824]
2019	02	17	18	45	03	Aewheros	K9us	Prismarine Shard	0.0	0.0	64	world	[-2750, 22, 1824]
2019	02	17	18	45	04	Aewheros	K9us	Prismarine Shard	0.0	0.0	64	world	[-2750, 22, 1824]
2019	02	17	18	45	04	Aewheros	K9us	Prismarine Shard	0.0	0.0	64	world	[-2750, 22, 1824]
2019	02	17	18	45	05	Aewheros	K9us	Prismarine Shard	0.0	0.0	64	world	[-2750, 22, 1824]
2019	02	17	18	45	06	Aewheros	K9us	Prismarine Shard	0.0	0.0	64	world	[-2750, 22, 1824]
2019	02	17	18	45	06	Aewheros	K9us	Prismarine Shard	0.0	0.0	64	world	[-2750, 22, 1824]
2019	02	17	18	45	07	Aewheros	K9us	Prismarine Shard	0.0	0.0	64	world	[-2750, 22, 1824]
2019	02	17	18	45	07	Aewheros	K9us	Prismarine Shard	0.0	0.0	64	world	[-2750, 22, 1824]
2019	02	17	18	45	08	Aewheros	K9us	Prismarine Shard	0.0	0.0	64	world	[-2750, 22, 1824]
2019	02	17	18	45	09	Aewheros	K9us	Prismarine Shard	0.0	0.0	64	world	[-2750, 22, 1824]
2019	02	17	18	45	09	Aewheros	K9us	Prismarine Shard	0.0	0.0	59	world	[-2750, 22, 1824]
2019	02	17	18	45	39	Aewheros	K9us	Prismarine Shard	0.0	0.0	64	world	[-2750, 22, 1824]
2019	02	17	18	45	40	Aewheros	K9us	Prismarine Shard	0.0	0.0	64	world	[-2750, 22, 1824]
2019	02	17	18	45	41	Aewheros	K9us	Prismarine Shard	0.0	0.0	64	world	[-2750, 22, 1824]
2019	02	17	18	45	41	Aewheros	K9us	Prismarine Shard	0.0	0.0	64	world	[-2750, 22, 1824]
2019	02	17	18	45	42	Aewheros	K9us	Prismarine Shard	0.0	0.0	64	world	[-2750, 22, 1824]
2019	02	17	18	45	42	Aewheros	K9us	Prismarine Shard	0.0	0.0	64	world	[-2750, 22, 1824]
2019	02	17	18	45	43	Aewheros	K9us	Prismarine Shard	0.0	0.0	64	world	[-2750, 22, 1824]
2019	02	17	18	45	44	Aewheros	K9us	Prismarine Shard	0.0	0.0	64	world	[-2750, 22, 1824]
2019	02	17	18	45	44	Aewheros	K9us	Prismarine Shard	0.0	0.0	64	world	[-2750, 22, 1824]
2019	02	17	18	45	45	Aewheros	K9us	Prismarine Shard	0.0	0.0	64	world	[-2750, 22, 1824]
2019	02	17	18	45	45	Aewheros	K9us	Prismarine Shard	0.0	0.0	64	world	[-2750, 22, 1824]
2019	02	17	18	45	46	Aewheros	K9us	Prismarine Shard	0.0	0.0	64	world	[-2750, 22, 1824]
2019	02	17	18	45	47	Aewheros	K9us	Prismarine Shard	0.0	0.0	64	world	[-2750, 22, 1824]
2019	02	17	18	45	47	Aewheros	K9us	Prismarine Shard	0.0	0.0	64	world	[-2750, 22, 1824]
2019	02	17	18	45	48	Aewheros	K9us	Prismarine Shard	0.0	0.0	64	world	[-2750, 22, 1824]
2019	02	17	18	45	48	Aewheros	K9us	Prismarine Shard	0.0	0.0	64	world	[-2750, 22, 1824]
2019	02	17	18	45	49	Aewheros	K9us	Prismarine Shard	0.0	0.0	64	world	[-2750, 22, 1824]
2019	02	17	18	45	50	Aewheros	K9us	Prismarine Shard	0.0	0.0	64	world	[-2750, 22, 1824]
2019	02	17	18	45	50	Aewheros	K9us	Prismarine Shard	0.0	0.0	64	world	[-2750, 22, 1824]
2019	02	17	18	45	51	Aewheros	K9us	Prismarine Shard	0.0	0.0	64	world	[-2750, 22, 1824]
2019	02	17	18	45	51	Aewheros	K9us	Prismarine Shard	0.0	0.0	64	world	[-2750, 22, 1824]
2019	02	17	18	45	52	Aewheros	K9us	Prismarine Shard	0.0	0.0	26	world	[-2750, 22, 1824]
2019	02	17	18	45	53	Aewheros	K9us	Prismarine Shard	0.0	0.0	2	world	[-2750, 22, 1824]
2019	02	17	18	46	08	Aewheros	K9us	Prismarine Shard	0.0	0.0	64	world	[-2749, 22, 1824]
2019	02	17	18	46	08	Aewheros	K9us	Prismarine Shard	0.0	0.0	64	world	[-2749, 22, 1824]
2019	02	17	18	46	09	Aewheros	K9us	Prismarine Shard	0.0	0.0	64	world	[-2749, 22, 1824]
2019	02	17	18	46	09	Aewheros	K9us	Prismarine Shard	0.0	0.0	64	world	[-2749, 22, 1824]
2019	02	17	18	46	10	Aewheros	K9us	Prismarine Shard	0.0	0.0	64	world	[-2749, 22, 1824]
2019	02	17	18	46	11	Aewheros	K9us	Prismarine Shard	0.0	0.0	64	world	[-2749, 22, 1824]
2019	02	17	18	46	11	Aewheros	K9us	Prismarine Shard	0.0	0.0	64	world	[-2749, 22, 1824]
2019	02	17	18	46	12	Aewheros	K9us	Prismarine Shard	0.0	0.0	64	world	[-2749, 22, 1824]
2019	02	17	18	46	12	Aewheros	K9us	Prismarine Shard	0.0	0.0	64	world	[-2749, 22, 1824]
2019	02	17	18	46	13	Aewheros	K9us	Prismarine Shard	0.0	0.0	64	world	[-2749, 22, 1824]
2019	02	17	18	46	14	Aewheros	K9us	Prismarine Shard	0.0	0.0	64	world	[-2749, 22, 1824]
2019	02	17	18	46	14	Aewheros	K9us	Prismarine Shard	0.0	0.0	64	world	[-2749, 22, 1824]
2019	02	17	18	46	15	Aewheros	K9us	Prismarine Shard	0.0	0.0	64	world	[-2749, 22, 1824]
2019	02	17	18	46	16	Aewheros	K9us	Prismarine Shard	0.0	0.0	64	world	[-2749, 22, 1824]
2019	02	17	18	46	16	Aewheros	K9us	Prismarine Shard	0.0	0.0	64	world	[-2749, 22, 1824]
2019	02	17	18	46	17	Aewheros	K9us	Prismarine Shard	0.0	0.0	64	world	[-2749, 22, 1824]
2019	02	17	18	46	17	Aewheros	K9us	Prismarine Shard	0.0	0.0	64	world	[-2749, 22, 1824]
2019	02	17	18	46	18	Aewheros	K9us	Prismarine Shard	0.0	0.0	64	world	[-2749, 22, 1824]
2019	02	17	18	46	18	Aewheros	K9us	Prismarine Shard	0.0	0.0	64	world	[-2749, 22, 1824]
2019	02	17	18	46	19	Aewheros	K9us	Prismarine Shard	0.0	0.0	64	world	[-2749, 22, 1824]
2019	02	17	18	46	20	Aewheros	K9us	Prismarine Shard	0.0	0.0	64	world	[-2749, 22, 1824]
2019	02	17	18	46	20	Aewheros	K9us	Prismarine Shard	0.0	0.0	57	world	[-2749, 22, 1824]
2019	02	17	18	46	43	Aewheros	K9us	Prismarine Shard	0.0	0.0	64	world	[-2749, 22, 1824]
2019	02	17	18	46	44	Aewheros	K9us	Prismarine Shard	0.0	0.0	64	world	[-2749, 22, 1824]
2019	02	17	18	46	44	Aewheros	K9us	Prismarine Shard	0.0	0.0	64	world	[-2749, 22, 1824]
2019	02	17	18	46	45	Aewheros	K9us	Prismarine Shard	0.0	0.0	64	world	[-2749, 22, 1824]
2019	02	17	18	46	45	Aewheros	K9us	Prismarine Shard	0.0	0.0	64	world	[-2749, 22, 1824]
2019	02	17	18	46	46	Aewheros	K9us	Prismarine Shard	0.0	0.0	64	world	[-2749, 22, 1824]
2019	02	17	18	46	47	Aewheros	K9us	Prismarine Shard	0.0	0.0	64	world	[-2749, 22, 1824]
2019	02	17	18	46	47	Aewheros	K9us	Prismarine Shard	0.0	0.0	64	world	[-2749, 22, 1824]
2019	02	17	18	46	48	Aewheros	K9us	Prismarine Shard	0.0	0.0	64	world	[-2749, 22, 1824]
2019	02	17	18	46	48	Aewheros	K9us	Prismarine Shard	0.0	0.0	64	world	[-2749, 22, 1824]
2019	02	17	18	46	49	Aewheros	K9us	Prismarine Shard	0.0	0.0	64	world	[-2749, 22, 1824]
2019	02	17	18	46	50	Aewheros	K9us	Prismarine Shard	0.0	0.0	37	world	[-2749, 22, 1824]
2019	02	17	18	46	50	Aewheros	K9us	Prismarine Shard	0.0	0.0	1	world	[-2749, 22, 1824]
2019	02	17	18	46	51	Aewheros	K9us	Prismarine Shard	0.0	0.0	1	world	[-2749, 22, 1824]
2019	02	17	18	46	52	Aewheros	K9us	Prismarine Shard	0.0	0.0	64	world	[-2748, 22, 1824]
2019	02	17	18	46	53	Aewheros	K9us	Prismarine Shard	0.0	0.0	64	world	[-2748, 22, 1824]
2019	02	17	18	46	54	Aewheros	K9us	Prismarine Shard	0.0	0.0	64	world	[-2748, 22, 1824]
2019	02	17	18	46	54	Aewheros	K9us	Prismarine Shard	0.0	0.0	64	world	[-2748, 22, 1824]
2019	02	17	18	46	55	Aewheros	K9us	Prismarine Shard	0.0	0.0	64	world	[-2748, 22, 1824]
2019	02	17	18	46	55	Aewheros	K9us	Prismarine Shard	0.0	0.0	64	world	[-2748, 22, 1824]
2019	02	17	18	46	56	Aewheros	K9us	Prismarine Shard	0.0	0.0	64	world	[-2748, 22, 1824]
2019	02	17	18	46	57	Aewheros	K9us	Prismarine Shard	0.0	0.0	64	world	[-2748, 22, 1824]
2019	02	17	18	46	57	Aewheros	K9us	Prismarine Shard	0.0	0.0	64	world	[-2748, 22, 1824]
2019	02	17	18	46	58	Aewheros	K9us	Prismarine Shard	0.0	0.0	64	world	[-2748, 22, 1824]
2019	02	17	18	46	58	Aewheros	K9us	Prismarine Shard	0.0	0.0	21	world	[-2748, 22, 1824]
2019	02	17	18	47	13	Aewheros	K9us	Prismarine Shard	0.0	0.0	37	world	[-2749, 22, 1824]
2019	02	17	18	47	14	Aewheros	K9us	Prismarine Shard	0.0	0.0	2	world	[-2749, 22, 1824]
2019	02	17	18	47	16	Aewheros	K9us	Prismarine Shard	0.0	0.0	64	world	[-2748, 22, 1824]
2019	02	17	18	47	17	Aewheros	K9us	Prismarine Shard	0.0	0.0	64	world	[-2748, 22, 1824]
2019	02	17	18	47	17	Aewheros	K9us	Prismarine Shard	0.0	0.0	64	world	[-2748, 22, 1824]
2019	02	17	18	47	18	Aewheros	K9us	Prismarine Shard	0.0	0.0	64	world	[-2748, 22, 1824]
2019	02	17	18	47	18	Aewheros	K9us	Prismarine Shard	0.0	0.0	64	world	[-2748, 22, 1824]
2019	02	17	18	47	19	Aewheros	K9us	Prismarine Shard	0.0	0.0	64	world	[-2748, 22, 1824]
2019	02	17	18	47	20	Aewheros	K9us	Prismarine Shard	0.0	0.0	26	world	[-2748, 22, 1824]
2019	02	17	18	47	21	Aewheros	K9us	Prismarine Shard	0.0	0.0	64	world	[-2750, 22, 1824]
2019	02	17	18	47	22	Aewheros	K9us	Prismarine Shard	0.0	0.0	64	world	[-2750, 22, 1824]
2019	02	17	18	47	22	Aewheros	K9us	Prismarine Shard	0.0	0.0	64	world	[-2750, 22, 1824]
2019	02	17	18	47	23	Aewheros	K9us	Prismarine Shard	0.0	0.0	17	world	[-2750, 22, 1824]
2019	02	17	18	47	23	Aewheros	K9us	Prismarine Shard	0.0	0.0	2	world	[-2750, 22, 1824]
2019	02	17	18	47	24	Aewheros	K9us	Prismarine Shard	0.0	0.0	1	world	[-2750, 22, 1824]
2019	02	17	18	47	26	Aewheros	K9us	Prismarine Shard	0.0	0.0	64	world	[-2746, 22, 1824]
2019	02	17	18	47	27	Aewheros	K9us	Prismarine Shard	0.0	0.0	28	world	[-2746, 22, 1824]
2019	02	17	18	47	47	Aewheros	K9us	Prismarine Shard	0.0	0.0	22	world	[-2748, 22, 1824]
2019	02	17	18	47	49	Aewheros	K9us	Prismarine Shard	0.0	0.0	46	world	[-2749, 22, 1824]
2019	02	17	18	47	51	Aewheros	K9us	Prismarine Shard	0.0	0.0	64	world	[-2750, 22, 1824]
2019	02	17	18	47	52	Aewheros	K9us	Prismarine Shard	0.0	0.0	5	world	[-2750, 22, 1824]
2019	02	17	18	47	52	Aewheros	K9us	Prismarine Shard	0.0	0.0	1	world	[-2750, 22, 1824]
2019	02	17	18	47	53	Aewheros	K9us	Prismarine Shard	0.0	0.0	2	world	[-2750, 22, 1824]
2019	02	17	18	47	53	Aewheros	K9us	Prismarine Shard	0.0	0.0	1	world	[-2750, 22, 1824]
2019	02	17	18	48	05	Aewheros	K9us	Prismarine Shard	0.0	0.0	13	world	[-2748, 22, 1824]
2019	02	17	18	48	07	Aewheros	K9us	Prismarine Shard	0.0	0.0	3	world	[-2748, 22, 1824]
2019	02	17	18	48	07	Aewheros	K9us	Prismarine Shard	0.0	0.0	31	world	[-2749, 22, 1824]
2019	02	17	18	48	08	Aewheros	K9us	Prismarine Shard	0.0	0.0	37	world	[-2750, 22, 1824]
2019	02	17	18	48	10	Aewheros	K9us	Prismarine Shard	0.0	0.0	6	world	[-2749, 22, 1824]
2019	02	17	18	48	10	Aewheros	K9us	Prismarine Shard	0.0	0.0	6	world	[-2750, 22, 1824]
2019	02	17	18	48	12	Aewheros	K9us	Prismarine Shard	0.0	0.0	17	world	[-2746, 22, 1824]
2019	02	17	18	48	33	Aewheros	K9us	Prismarine Shard	0.0	0.0	56	world	[-2750, 22, 1824]
2019	02	17	18	48	33	Aewheros	K9us	Prismarine Shard	0.0	0.0	1	world	[-2750, 22, 1824]
2019	02	17	18	48	34	Aewheros	K9us	Prismarine Shard	0.0	0.0	48	world	[-2749, 22, 1824]
2019	02	17	18	48	35	Aewheros	K9us	Prismarine Shard	0.0	0.0	1	world	[-2749, 22, 1824]
2019	02	17	18	48	37	Aewheros	K9us	Prismarine Shard	0.0	0.0	18	world	[-2748, 22, 1824]
2019	02	18	17	54	53	Aewheros	K9us	Prismarine Shard	0.0	0.0	64	world	[-2748, 22, 1824]
2019	02	18	17	54	53	Aewheros	K9us	Prismarine Shard	0.0	0.0	64	world	[-2748, 22, 1824]
2019	02	18	17	54	54	Aewheros	K9us	Prismarine Shard	0.0	0.0	64	world	[-2748, 22, 1824]
2019	02	18	17	54	55	Aewheros	K9us	Prismarine Shard	0.0	0.0	64	world	[-2748, 22, 1824]
2019	02	18	17	54	55	Aewheros	K9us	Prismarine Shard	0.0	0.0	64	world	[-2748, 22, 1824]
2019	02	18	17	54	56	Aewheros	K9us	Prismarine Shard	0.0	0.0	64	world	[-2748, 22, 1824]
2019	02	18	17	54	56	Aewheros	K9us	Prismarine Shard	0.0	0.0	64	world	[-2748, 22, 1824]
2019	02	18	17	54	57	Aewheros	K9us	Prismarine Shard	0.0	0.0	64	world	[-2748, 22, 1824]
2019	02	18	17	54	58	Aewheros	K9us	Prismarine Shard	0.0	0.0	64	world	[-2748, 22, 1824]
2019	02	18	17	54	58	Aewheros	K9us	Prismarine Shard	0.0	0.0	64	world	[-2748, 22, 1824]
2019	02	18	17	54	59	Aewheros	K9us	Prismarine Shard	0.0	0.0	64	world	[-2748, 22, 1824]
2019	02	18	17	54	59	Aewheros	K9us	Prismarine Shard	0.0	0.0	64	world	[-2748, 22, 1824]
2019	02	18	17	55	00	Aewheros	K9us	Prismarine Shard	0.0	0.0	24	world	[-2748, 22, 1824]
2019	02	18	17	55	10	Aewheros	K9us	Prismarine Shard	0.0	0.0	64	world	[-2749, 22, 1824]
2019	02	18	17	55	11	Aewheros	K9us	Prismarine Shard	0.0	0.0	64	world	[-2749, 22, 1824]
2019	02	18	17	55	11	Aewheros	K9us	Prismarine Shard	0.0	0.0	64	world	[-2749, 22, 1824]
2019	02	18	17	55	12	Aewheros	K9us	Prismarine Shard	0.0	0.0	64	world	[-2749, 22, 1824]
2019	02	18	17	55	12	Aewheros	K9us	Prismarine Shard	0.0	0.0	64	world	[-2749, 22, 1824]
2019	02	18	17	55	13	Aewheros	K9us	Prismarine Shard	0.0	0.0	64	world	[-2749, 22, 1824]
2019	02	18	17	55	14	Aewheros	K9us	Prismarine Shard	0.0	0.0	64	world	[-2749, 22, 1824]
2019	02	18	17	55	14	Aewheros	K9us	Prismarine Shard	0.0	0.0	64	world	[-2749, 22, 1824]
2019	02	18	17	55	15	Aewheros	K9us	Prismarine Shard	0.0	0.0	64	world	[-2749, 22, 1824]
2019	02	18	17	55	15	Aewheros	K9us	Prismarine Shard	0.0	0.0	64	world	[-2749, 22, 1824]
2019	02	18	17	55	16	Aewheros	K9us	Prismarine Shard	0.0	0.0	64	world	[-2749, 22, 1824]
2019	02	18	17	55	17	Aewheros	K9us	Prismarine Shard	0.0	0.0	64	world	[-2750, 22, 1824]
2019	02	18	17	55	17	Aewheros	K9us	Prismarine Shard	0.0	0.0	58	world	[-2750, 22, 1824]
2019	02	18	17	55	27	Aewheros	K9us	Prismarine Shard	0.0	0.0	64	world	[-2749, 22, 1824]
2019	02	18	17	55	28	Aewheros	K9us	Prismarine Shard	0.0	0.0	64	world	[-2749, 22, 1824]
2019	02	18	17	55	29	Aewheros	K9us	Prismarine Shard	0.0	0.0	64	world	[-2749, 22, 1824]
2019	02	18	17	55	29	Aewheros	K9us	Prismarine Shard	0.0	0.0	64	world	[-2749, 22, 1824]
2019	02	18	17	55	30	Aewheros	K9us	Prismarine Shard	0.0	0.0	64	world	[-2749, 22, 1824]
2019	02	18	17	55	30	Aewheros	K9us	Prismarine Shard	0.0	0.0	64	world	[-2749, 22, 1824]
2019	02	18	17	55	31	Aewheros	K9us	Prismarine Shard	0.0	0.0	64	world	[-2749, 22, 1824]
2019	02	18	17	55	32	Aewheros	K9us	Prismarine Shard	0.0	0.0	64	world	[-2749, 22, 1824]
2019	02	18	17	55	32	Aewheros	K9us	Prismarine Shard	0.0	0.0	64	world	[-2749, 22, 1824]
2019	02	18	17	55	33	Aewheros	K9us	Prismarine Shard	0.0	0.0	64	world	[-2749, 22, 1824]
2019	02	18	17	55	33	Aewheros	K9us	Prismarine Shard	0.0	0.0	60	world	[-2749, 22, 1824]
2019	02	18	17	55	41	Aewheros	K9us	Prismarine Shard	0.0	0.0	64	world	[-2750, 22, 1824]
2019	02	18	17	55	42	Aewheros	K9us	Prismarine Shard	0.0	0.0	64	world	[-2750, 22, 1824]
2019	02	18	17	55	42	Aewheros	K9us	Prismarine Shard	0.0	0.0	64	world	[-2750, 22, 1824]
2019	02	18	17	55	43	Aewheros	K9us	Prismarine Shard	0.0	0.0	64	world	[-2750, 22, 1824]
2019	02	18	17	55	44	Aewheros	K9us	Prismarine Shard	0.0	0.0	64	world	[-2750, 22, 1824]
2019	02	18	17	55	44	Aewheros	K9us	Prismarine Shard	0.0	0.0	64	world	[-2750, 22, 1824]
2019	02	18	17	55	45	Aewheros	K9us	Prismarine Shard	0.0	0.0	64	world	[-2750, 22, 1824]
2019	02	18	17	55	45	Aewheros	K9us	Prismarine Shard	0.0	0.0	64	world	[-2750, 22, 1824]
2019	02	18	17	55	46	Aewheros	K9us	Prismarine Shard	0.0	0.0	64	world	[-2750, 22, 1824]
2019	02	18	17	55	47	Aewheros	K9us	Prismarine Shard	0.0	0.0	62	world	[-2750, 22, 1824]
2019	02	18	17	56	09	Aewheros	K9us	Prismarine Shard	0.0	0.0	64	world	[-2750, 22, 1824]
2019	02	18	17	56	09	Aewheros	K9us	Prismarine Shard	0.0	0.0	64	world	[-2750, 22, 1824]
2019	02	18	17	56	10	Aewheros	K9us	Prismarine Shard	0.0	0.0	64	world	[-2750, 22, 1824]
2019	02	18	17	56	10	Aewheros	K9us	Prismarine Shard	0.0	0.0	64	world	[-2750, 22, 1824]
2019	02	18	17	56	11	Aewheros	K9us	Prismarine Shard	0.0	0.0	64	world	[-2750, 22, 1824]
2019	02	18	17	56	12	Aewheros	K9us	Prismarine Shard	0.0	0.0	64	world	[-2750, 22, 1824]
2019	02	18	17	56	12	Aewheros	K9us	Prismarine Shard	0.0	0.0	64	world	[-2750, 22, 1824]
2019	02	18	17	56	13	Aewheros	K9us	Prismarine Shard	0.0	0.0	64	world	[-2750, 22, 1824]
2019	02	18	17	56	13	Aewheros	K9us	Prismarine Shard	0.0	0.0	64	world	[-2750, 22, 1824]
2019	02	18	17	56	14	Aewheros	K9us	Prismarine Shard	0.0	0.0	64	world	[-2750, 22, 1824]
2019	02	18	17	56	15	Aewheros	K9us	Prismarine Shard	0.0	0.0	64	world	[-2750, 22, 1824]
2019	02	18	17	56	15	Aewheros	K9us	Prismarine Shard	0.0	0.0	64	world	[-2750, 22, 1824]
2019	02	18	17	56	16	Aewheros	K9us	Prismarine Shard	0.0	0.0	64	world	[-2750, 22, 1824]
2019	02	18	17	56	16	Aewheros	K9us	Prismarine Shard	0.0	0.0	64	world	[-2750, 22, 1824]
2019	02	18	17	56	17	Aewheros	K9us	Prismarine Shard	0.0	0.0	63	world	[-2750, 22, 1824]
2019	02	18	17	56	28	Aewheros	K9us	Prismarine Shard	0.0	0.0	64	world	[-2750, 22, 1824]
2019	02	18	17	56	33	Aewheros	K9us	Prismarine Shard	0.0	0.0	64	world	[-2750, 22, 1824]
2019	02	18	17	56	34	Aewheros	K9us	Prismarine Shard	0.0	0.0	64	world	[-2750, 22, 1824]
2019	02	18	17	56	34	Aewheros	K9us	Prismarine Shard	0.0	0.0	64	world	[-2750, 22, 1824]
2019	02	18	17	56	35	Aewheros	K9us	Prismarine Shard	0.0	0.0	64	world	[-2750, 22, 1824]
2019	02	18	17	56	35	Aewheros	K9us	Prismarine Shard	0.0	0.0	64	world	[-2750, 22, 1824]
2019	02	18	17	56	36	Aewheros	K9us	Prismarine Shard	0.0	0.0	64	world	[-2750, 22, 1824]
2019	02	18	17	56	37	Aewheros	K9us	Prismarine Shard	0.0	0.0	64	world	[-2750, 22, 1824]
2019	02	18	17	56	37	Aewheros	K9us	Prismarine Shard	0.0	0.0	64	world	[-2750, 22, 1824]
2019	02	18	17	56	38	Aewheros	K9us	Prismarine Shard	0.0	0.0	64	world	[-2750, 22, 1824]
2019	02	18	17	56	38	Aewheros	K9us	Prismarine Shard	0.0	0.0	64	world	[-2750, 22, 1824]
2019	02	18	17	56	39	Aewheros	K9us	Prismarine Shard	0.0	0.0	64	world	[-2750, 22, 1824]
2019	02	18	17	56	40	Aewheros	K9us	Prismarine Shard	0.0	0.0	64	world	[-2750, 22, 1824]
2019	02	18	17	56	40	Aewheros	K9us	Prismarine Shard	0.0	0.0	64	world	[-2750, 22, 1824]
2019	02	18	17	56	41	Aewheros	K9us	Prismarine Shard	0.0	0.0	58	world	[-2750, 22, 1824]
2019	02	18	17	56	54	Aewheros	K9us	Prismarine Shard	0.0	0.0	64	world	[-2749, 22, 1824]
2019	02	18	17	56	55	Aewheros	K9us	Prismarine Shard	0.0	0.0	64	world	[-2749, 22, 1824]
2019	02	18	17	56	55	Aewheros	K9us	Prismarine Shard	0.0	0.0	64	world	[-2749, 22, 1824]
2019	02	18	17	56	56	Aewheros	K9us	Prismarine Shard	0.0	0.0	64	world	[-2749, 22, 1824]
2019	02	18	17	56	56	Aewheros	K9us	Prismarine Shard	0.0	0.0	50	world	[-2749, 22, 1824]
2019	02	18	17	57	00	Aewheros	K9us	Prismarine Shard	0.0	0.0	1	world	[-2749, 22, 1824]
2019	02	18	17	57	00	Aewheros	K9us	Prismarine Shard	0.0	0.0	64	world	[-2750, 22, 1824]
2019	02	18	17	57	01	Aewheros	K9us	Prismarine Shard	0.0	0.0	64	world	[-2750, 22, 1824]
2019	02	18	17	57	02	Aewheros	K9us	Prismarine Shard	0.0	0.0	64	world	[-2750, 22, 1824]
2019	02	18	17	57	02	Aewheros	K9us	Prismarine Shard	0.0	0.0	64	world	[-2750, 22, 1824]
2019	02	18	17	57	03	Aewheros	K9us	Prismarine Shard	0.0	0.0	64	world	[-2750, 22, 1824]
2019	02	18	17	57	03	Aewheros	K9us	Prismarine Shard	0.0	0.0	64	world	[-2750, 22, 1824]
2019	02	18	17	57	04	Aewheros	K9us	Prismarine Shard	0.0	0.0	64	world	[-2750, 22, 1824]
2019	02	18	17	57	05	Aewheros	K9us	Prismarine Shard	0.0	0.0	64	world	[-2750, 22, 1824]
2019	02	18	17	57	05	Aewheros	K9us	Prismarine Shard	0.0	0.0	64	world	[-2750, 22, 1824]
2019	02	18	17	57	06	Aewheros	K9us	Prismarine Shard	0.0	0.0	64	world	[-2750, 22, 1824]
2019	02	18	17	57	06	Aewheros	K9us	Prismarine Shard	0.0	0.0	7	world	[-2750, 22, 1824]
2019	02	18	17	57	19	Aewheros	K9us	Prismarine Shard	0.0	0.0	64	world	[-2746, 22, 1824]
2019	02	18	17	57	19	Aewheros	K9us	Prismarine Shard	0.0	0.0	64	world	[-2746, 22, 1824]
2019	02	18	17	57	20	Aewheros	K9us	Prismarine Shard	0.0	0.0	64	world	[-2746, 22, 1824]
2019	02	18	17	57	21	Aewheros	K9us	Prismarine Shard	0.0	0.0	64	world	[-2746, 22, 1824]
2019	02	18	17	57	21	Aewheros	K9us	Prismarine Shard	0.0	0.0	64	world	[-2746, 22, 1824]
2019	02	18	17	57	22	Aewheros	K9us	Prismarine Shard	0.0	0.0	64	world	[-2746, 22, 1824]
2019	02	18	17	57	22	Aewheros	K9us	Prismarine Shard	0.0	0.0	23	world	[-2746, 22, 1824]
2019	02	18	17	57	27	Aewheros	K9us	Prismarine Shard	0.0	0.0	64	world	[-2748, 22, 1824]
2019	02	18	17	57	27	Aewheros	K9us	Prismarine Shard	0.0	0.0	43	world	[-2748, 22, 1824]
2019	02	18	17	57	29	Aewheros	K9us	Prismarine Shard	0.0	0.0	22	world	[-2749, 22, 1824]
2019	02	18	17	57	30	Aewheros	K9us	Prismarine Shard	0.0	0.0	1	world	[-2749, 22, 1824]
2019	02	18	17	57	31	Aewheros	K9us	Prismarine Shard	0.0	0.0	64	world	[-2750, 22, 1824]
2019	02	18	17	57	32	Aewheros	K9us	Prismarine Shard	0.0	0.0	64	world	[-2750, 22, 1824]
2019	02	18	17	57	32	Aewheros	K9us	Prismarine Shard	0.0	0.0	54	world	[-2750, 22, 1824]
2019	02	18	17	57	33	Aewheros	K9us	Prismarine Shard	0.0	0.0	1	world	[-2750, 22, 1824]
2019	02	18	17	57	47	Aewheros	K9us	Prismarine Shard	0.0	0.0	10	world	[-2749, 22, 1824]
2019	02	18	17	57	48	Aewheros	K9us	Prismarine Shard	0.0	0.0	37	world	[-2750, 22, 1824]
2019	02	18	17	57	49	Aewheros	K9us	Prismarine Shard	0.0	0.0	2	world	[-2750, 22, 1824]
2019	02	18	17	57	49	Aewheros	K9us	Prismarine Shard	0.0	0.0	1	world	[-2750, 22, 1824]
2019	02	18	18	09	17	Aewheros	K9us	Prismarine Shard	0.0	0.0	64	world	[-2748, 22, 1824]
2019	02	18	18	09	17	Aewheros	K9us	Prismarine Shard	0.0	0.0	64	world	[-2748, 22, 1824]
2019	02	18	18	09	18	Aewheros	K9us	Prismarine Shard	0.0	0.0	61	world	[-2748, 22, 1824]
2019	02	18	18	09	26	Aewheros	K9us	Prismarine Shard	0.0	0.0	64	world	[-2750, 22, 1824]
2019	02	18	18	09	26	Aewheros	K9us	Prismarine Shard	0.0	0.0	64	world	[-2750, 22, 1824]
2019	02	18	18	09	27	Aewheros	K9us	Prismarine Shard	0.0	0.0	64	world	[-2750, 22, 1824]
2019	02	18	18	09	28	Aewheros	K9us	Prismarine Shard	0.0	0.0	64	world	[-2750, 22, 1824]
2019	02	18	18	09	28	Aewheros	K9us	Prismarine Shard	0.0	0.0	64	world	[-2750, 22, 1824]
2019	02	18	18	09	37	Aewheros	K9us	Prismarine Shard	0.0	0.0	64	world	[-2750, 22, 1824]
2019	02	18	18	09	37	Aewheros	K9us	Prismarine Shard	0.0	0.0	64	world	[-2750, 22, 1824]
2019	02	18	18	09	38	Aewheros	K9us	Prismarine Shard	0.0	0.0	64	world	[-2750, 22, 1824]
2019	02	18	18	09	39	Aewheros	K9us	Prismarine Shard	0.0	0.0	64	world	[-2750, 22, 1824]
2019	02	18	18	09	39	Aewheros	K9us	Prismarine Shard	0.0	0.0	64	world	[-2750, 22, 1824]
2019	02	18	18	09	40	Aewheros	K9us	Prismarine Shard	0.0	0.0	48	world	[-2750, 22, 1824]
2019	02	18	18	09	40	Aewheros	K9us	Prismarine Shard	0.0	0.0	1	world	[-2750, 22, 1824]
2019	02	18	18	09	45	Aewheros	K9us	Prismarine Shard	0.0	0.0	64	world	[-2749, 22, 1824]
2019	02	18	18	09	46	Aewheros	K9us	Prismarine Shard	0.0	0.0	64	world	[-2749, 22, 1824]
2019	02	18	18	09	46	Aewheros	K9us	Prismarine Shard	0.0	0.0	64	world	[-2749, 22, 1824]
2019	02	18	18	09	47	Aewheros	K9us	Prismarine Shard	0.0	0.0	64	world	[-2749, 22, 1824]
2019	02	18	18	09	47	Aewheros	K9us	Prismarine Shard	0.0	0.0	64	world	[-2749, 22, 1824]
2019	02	18	18	09	48	Aewheros	K9us	Prismarine Shard	0.0	0.0	64	world	[-2749, 22, 1824]
2019	02	18	18	09	49	Aewheros	K9us	Prismarine Shard	0.0	0.0	38	world	[-2749, 22, 1824]
2019	02	18	18	09	50	Aewheros	K9us	Prismarine Shard	0.0	0.0	64	world	[-2748, 22, 1824]
2019	02	18	18	09	51	Aewheros	K9us	Prismarine Shard	0.0	0.0	54	world	[-2748, 22, 1824]
2019	02	18	18	10	07	Aewheros	K9us	Prismarine Shard	0.0	0.0	19	world	[-2749, 22, 1824]
2019	02	18	18	10	08	Aewheros	K9us	Prismarine Shard	0.0	0.0	59	world	[-2750, 22, 1824]
2019	02	18	18	10	09	Aewheros	K9us	Prismarine Shard	0.0	0.0	1	world	[-2750, 22, 1824]
2019	02	18	18	10	09	Aewheros	K9us	Prismarine Shard	0.0	0.0	2	world	[-2750, 22, 1824]
2019	02	18	18	10	15	Aewheros	K9us	Prismarine Shard	0.0	0.0	1	world	[-2746, 22, 1824]
2019	02	18	18	20	26	Aewheros	K9us	Prismarine Shard	0.0	0.0	64	world	[-2750, 22, 1824]
2019	02	18	18	20	27	Aewheros	K9us	Prismarine Shard	0.0	0.0	64	world	[-2750, 22, 1824]
2019	02	18	18	20	28	Aewheros	K9us	Prismarine Shard	0.0	0.0	64	world	[-2750, 22, 1824]
2019	02	18	18	20	28	Aewheros	K9us	Prismarine Shard	0.0	0.0	64	world	[-2750, 22, 1824]
2019	02	18	18	20	29	Aewheros	K9us	Prismarine Shard	0.0	0.0	64	world	[-2750, 22, 1824]
2019	02	18	18	20	29	Aewheros	K9us	Prismarine Shard	0.0	0.0	64	world	[-2750, 22, 1824]
2019	02	18	18	20	30	Aewheros	K9us	Prismarine Shard	0.0	0.0	64	world	[-2750, 22, 1824]
2019	02	18	18	20	30	Aewheros	K9us	Prismarine Shard	0.0	0.0	64	world	[-2750, 22, 1824]
2019	02	18	18	20	31	Aewheros	K9us	Prismarine Shard	0.0	0.0	64	world	[-2750, 22, 1824]
2019	02	18	18	20	32	Aewheros	K9us	Prismarine Shard	0.0	0.0	64	world	[-2750, 22, 1824]
2019	02	18	18	20	32	Aewheros	K9us	Prismarine Shard	0.0	0.0	64	world	[-2750, 22, 1824]
2019	02	18	18	20	33	Aewheros	K9us	Prismarine Shard	0.0	0.0	64	world	[-2750, 22, 1824]
2019	02	18	18	20	33	Aewheros	K9us	Prismarine Shard	0.0	0.0	64	world	[-2750, 22, 1824]
2019	02	18	18	20	34	Aewheros	K9us	Prismarine Shard	0.0	0.0	64	world	[-2750, 22, 1824]
2019	02	18	18	20	35	Aewheros	K9us	Prismarine Shard	0.0	0.0	64	world	[-2749, 22, 1824]
2019	02	18	18	20	36	Aewheros	K9us	Prismarine Shard	0.0	0.0	64	world	[-2749, 22, 1824]
2019	02	18	18	20	36	Aewheros	K9us	Prismarine Shard	0.0	0.0	64	world	[-2749, 22, 1824]
2019	02	18	18	20	45	Aewheros	K9us	Prismarine Shard	0.0	0.0	64	world	[-2750, 22, 1824]
2019	02	18	18	20	45	Aewheros	K9us	Prismarine Shard	0.0	0.0	64	world	[-2750, 22, 1824]
2019	02	18	18	20	46	Aewheros	K9us	Prismarine Shard	0.0	0.0	64	world	[-2750, 22, 1824]
2019	02	18	18	20	47	Aewheros	K9us	Prismarine Shard	0.0	0.0	64	world	[-2750, 22, 1824]
2019	02	18	18	20	47	Aewheros	K9us	Prismarine Shard	0.0	0.0	64	world	[-2750, 22, 1824]
2019	02	18	18	20	48	Aewheros	K9us	Prismarine Shard	0.0	0.0	14	world	[-2750, 22, 1824]
2019	02	18	18	20	48	Aewheros	K9us	Prismarine Shard	0.0	0.0	1	world	[-2750, 22, 1824]
2019	02	18	18	20	50	Aewheros	K9us	Prismarine Shard	0.0	0.0	25	world	[-2749, 22, 1824]
2019	02	18	18	20	50	Aewheros	K9us	Prismarine Shard	0.0	0.0	1	world	[-2749, 22, 1824]
2019	02	18	18	20	51	Aewheros	K9us	Prismarine Shard	0.0	0.0	1	world	[-2749, 22, 1824]
2019	02	18	18	20	52	Aewheros	K9us	Prismarine Shard	0.0	0.0	1	world	[-2749, 22, 1824]
2019	02	18	18	20	53	Aewheros	K9us	Prismarine Shard	0.0	0.0	42	world	[-2748, 22, 1824]
2019	02	18	18	21	15	Aewheros	K9us	Prismarine Shard	0.0	0.0	61	world	[-2750, 22, 1824]
2019	02	18	18	21	15	Aewheros	K9us	Prismarine Shard	0.0	0.0	1	world	[-2750, 22, 1824]
2019	02	18	18	21	16	Aewheros	K9us	Prismarine Shard	0.0	0.0	1	world	[-2750, 22, 1824]
2019	02	19	12	02	40	Aewheros	K9us	Prismarine Shard	0.0	0.0	1	world	[-2750, 22, 1824]
2019	02	19	12	02	41	Aewheros	K9us	Prismarine Shard	0.0	0.0	64	world	[-2750, 22, 1824]
2019	02	19	12	02	42	Aewheros	K9us	Prismarine Shard	0.0	0.0	38	world	[-2750, 22, 1824]
2019	02	19	12	02	43	Aewheros	K9us	Prismarine Shard	0.0	0.0	19	world	[-2749, 22, 1824]
2019	02	26	17	21	49	Aewheros	K9us	Prismarine Shard	0.0	0.0	1	world	[-2750, 22, 1824]
2019	02	26	17	21	50	Aewheros	K9us	Prismarine Shard	0.0	0.0	1	world	[-2750, 22, 1824]
2019	02	26	17	21	50	Aewheros	K9us	Prismarine Shard	0.0	0.0	64	world	[-2750, 22, 1824]
2019	02	26	17	21	51	Aewheros	K9us	Prismarine Shard	0.0	0.0	64	world	[-2750, 22, 1824]
2019	02	26	17	21	52	Aewheros	K9us	Prismarine Shard	0.0	0.0	64	world	[-2750, 22, 1824]
2019	02	26	17	22	13	Aewheros	K9us	Prismarine Shard	0.0	0.0	64	world	[-2748, 22, 1824]
2019	02	26	17	22	14	Aewheros	K9us	Prismarine Shard	0.0	0.0	64	world	[-2748, 22, 1824]
2019	02	26	17	22	14	Aewheros	K9us	Prismarine Shard	0.0	0.0	64	world	[-2748, 22, 1824]
2019	02	26	17	22	15	Aewheros	K9us	Prismarine Shard	0.0	0.0	64	world	[-2748, 22, 1824]
2019	02	26	17	22	16	Aewheros	K9us	Prismarine Shard	0.0	0.0	64	world	[-2748, 22, 1824]
2019	02	26	17	22	16	Aewheros	K9us	Prismarine Shard	0.0	0.0	62	world	[-2748, 22, 1824]
2019	02	26	17	22	24	Aewheros	K9us	Prismarine Shard	0.0	0.0	64	world	[-2750, 22, 1824]
2019	02	26	17	22	25	Aewheros	K9us	Prismarine Shard	0.0	0.0	64	world	[-2750, 22, 1824]
2019	02	26	17	22	25	Aewheros	K9us	Prismarine Shard	0.0	0.0	64	world	[-2750, 22, 1824]
2019	02	26	17	22	26	Aewheros	K9us	Prismarine Shard	0.0	0.0	64	world	[-2750, 22, 1824]
2019	02	26	17	22	27	Aewheros	K9us	Prismarine Shard	0.0	0.0	64	world	[-2750, 22, 1824]
2019	02	26	17	22	27	Aewheros	K9us	Prismarine Shard	0.0	0.0	64	world	[-2749, 22, 1824]
2019	02	26	17	22	28	Aewheros	K9us	Prismarine Shard	0.0	0.0	64	world	[-2749, 22, 1824]
2019	02	26	17	22	28	Aewheros	K9us	Prismarine Shard	0.0	0.0	64	world	[-2749, 22, 1824]
2019	02	26	17	22	29	Aewheros	K9us	Prismarine Shard	0.0	0.0	64	world	[-2748, 22, 1824]
2019	02	26	17	22	30	Aewheros	K9us	Prismarine Shard	0.0	0.0	7	world	[-2748, 22, 1824]
2019	02	26	17	22	46	Aewheros	K9us	Prismarine Shard	0.0	0.0	64	world	[-2750, 22, 1824]
2019	02	26	17	22	47	Aewheros	K9us	Prismarine Shard	0.0	0.0	64	world	[-2750, 22, 1824]
2019	02	26	17	22	47	Aewheros	K9us	Prismarine Shard	0.0	0.0	64	world	[-2750, 22, 1824]
2019	02	26	17	22	48	Aewheros	K9us	Prismarine Shard	0.0	0.0	64	world	[-2750, 22, 1824]
2019	02	26	17	22	49	Aewheros	K9us	Prismarine Shard	0.0	0.0	64	world	[-2750, 22, 1824]
2019	02	26	17	22	49	Aewheros	K9us	Prismarine Shard	0.0	0.0	64	world	[-2750, 22, 1824]
2019	02	26	17	23	08	Aewheros	K9us	Prismarine Shard	0.0	0.0	64	world	[-2749, 22, 1824]
2019	02	26	17	23	09	Aewheros	K9us	Prismarine Shard	0.0	0.0	64	world	[-2749, 22, 1824]
2019	02	26	17	23	09	Aewheros	K9us	Prismarine Shard	0.0	0.0	33	world	[-2750, 22, 1824]
2019	02	26	17	23	22	Aewheros	K9us	Prismarine Shard	0.0	0.0	64	world	[-2750, 22, 1824]
2019	02	26	17	23	23	Aewheros	K9us	Prismarine Shard	0.0	0.0	64	world	[-2750, 22, 1824]
2019	02	26	17	23	24	Aewheros	K9us	Prismarine Shard	0.0	0.0	64	world	[-2750, 22, 1824]
2019	02	26	17	23	24	Aewheros	K9us	Prismarine Shard	0.0	0.0	64	world	[-2750, 22, 1824]
2019	02	26	17	23	25	Aewheros	K9us	Prismarine Shard	0.0	0.0	64	world	[-2750, 22, 1824]
2019	02	26	17	23	42	Aewheros	K9us	Prismarine Shard	0.0	0.0	64	world	[-2749, 22, 1824]
2019	02	26	17	23	43	Aewheros	K9us	Prismarine Shard	0.0	0.0	64	world	[-2749, 22, 1824]
2019	02	26	17	23	43	Aewheros	K9us	Prismarine Shard	0.0	0.0	64	world	[-2749, 22, 1824]
2019	02	26	17	23	44	Aewheros	K9us	Prismarine Shard	0.0	0.0	64	world	[-2749, 22, 1824]
2019	02	26	17	23	44	Aewheros	K9us	Prismarine Shard	0.0	0.0	64	world	[-2749, 22, 1824]
2019	02	26	17	23	57	Aewheros	K9us	Prismarine Shard	0.0	0.0	64	world	[-2746, 22, 1824]
2019	02	26	17	23	58	Aewheros	K9us	Prismarine Shard	0.0	0.0	44	world	[-2746, 22, 1824]
2019	02	26	17	24	00	Aewheros	K9us	Prismarine Shard	0.0	0.0	64	world	[-2749, 22, 1824]
2019	03	02	12	24	57	Aewheros	K9us	Prismarine Shard	0.0	0.0	35	world	[-2746, 22, 1824]
2019	03	02	12	25	00	Aewheros	K9us	Prismarine Shard	0.0	0.0	64	world	[-2748, 22, 1824]
2019	03	02	12	25	00	Aewheros	K9us	Prismarine Shard	0.0	0.0	64	world	[-2748, 22, 1824]
2019	03	02	12	25	01	Aewheros	K9us	Prismarine Shard	0.0	0.0	64	world	[-2748, 22, 1824]
2019	03	02	12	25	01	Aewheros	K9us	Prismarine Shard	0.0	0.0	64	world	[-2748, 22, 1824]
2019	03	02	12	25	02	Aewheros	K9us	Prismarine Shard	0.0	0.0	54	world	[-2749, 22, 1824]
2019	03	04	14	16	44	Aewheros	K9us	Prismarine Shard	0.0	0.0	8	world	[-2746, 22, 1824]
2019	03	04	14	16	46	Aewheros	K9us	Prismarine Shard	0.0	0.0	64	world	[-2748, 22, 1824]
2019	03	04	14	16	47	Aewheros	K9us	Prismarine Shard	0.0	0.0	64	world	[-2749, 22, 1824]
2019	03	04	14	16	55	Aewheros	K9us	Prismarine Shard	0.0	0.0	64	world	[-2750, 22, 1824]
2019	03	04	14	16	56	Aewheros	K9us	Prismarine Shard	0.0	0.0	64	world	[-2750, 22, 1824]
2019	03	04	14	16	57	Aewheros	K9us	Prismarine Shard	0.0	0.0	64	world	[-2750, 22, 1824]
2019	03	04	14	16	57	Aewheros	K9us	Prismarine Shard	0.0	0.0	64	world	[-2750, 22, 1824]
2019	03	04	14	16	58	Aewheros	K9us	Prismarine Shard	0.0	0.0	64	world	[-2750, 22, 1824]
2019	03	04	14	16	58	Aewheros	K9us	Prismarine Shard	0.0	0.0	64	world	[-2750, 22, 1824]
2019	03	04	14	16	59	Aewheros	K9us	Prismarine Shard	0.0	0.0	64	world	[-2750, 22, 1824]
2019	03	04	14	17	00	Aewheros	K9us	Prismarine Shard	0.0	0.0	64	world	[-2750, 22, 1824]
2019	03	04	14	17	00	Aewheros	K9us	Prismarine Shard	0.0	0.0	56	world	[-2750, 22, 1824]
2019	03	04	14	17	06	Aewheros	K9us	Prismarine Shard	0.0	0.0	64	world	[-2748, 22, 1824]
2019	03	04	14	17	07	Aewheros	K9us	Prismarine Shard	0.0	0.0	64	world	[-2748, 22, 1824]
2019	03	04	14	17	07	Aewheros	K9us	Prismarine Shard	0.0	0.0	64	world	[-2748, 22, 1824]
2019	03	04	14	17	08	Aewheros	K9us	Prismarine Shard	0.0	0.0	64	world	[-2748, 22, 1824]
2019	03	04	14	17	08	Aewheros	K9us	Prismarine Shard	0.0	0.0	64	world	[-2748, 22, 1824]
2019	03	04	14	17	09	Aewheros	K9us	Prismarine Shard	0.0	0.0	64	world	[-2748, 22, 1824]
2019	03	04	14	17	10	Aewheros	K9us	Prismarine Shard	0.0	0.0	64	world	[-2748, 22, 1824]
2019	03	04	14	17	10	Aewheros	K9us	Prismarine Shard	0.0	0.0	64	world	[-2748, 22, 1824]
2019	03	04	14	17	18	Aewheros	K9us	Prismarine Shard	0.0	0.0	64	world	[-2749, 22, 1824]
2019	03	04	14	17	18	Aewheros	K9us	Prismarine Shard	0.0	0.0	64	world	[-2749, 22, 1824]
2019	03	04	14	17	19	Aewheros	K9us	Prismarine Shard	0.0	0.0	64	world	[-2749, 22, 1824]
2019	03	04	14	17	19	Aewheros	K9us	Prismarine Shard	0.0	0.0	64	world	[-2749, 22, 1824]
2019	03	04	14	17	20	Aewheros	K9us	Prismarine Shard	0.0	0.0	64	world	[-2749, 22, 1824]
2019	03	04	14	17	21	Aewheros	K9us	Prismarine Shard	0.0	0.0	64	world	[-2749, 22, 1824]
2019	03	04	14	17	21	Aewheros	K9us	Prismarine Shard	0.0	0.0	56	world	[-2749, 22, 1824]
2019	03	04	14	17	27	Aewheros	K9us	Prismarine Shard	0.0	0.0	18	world	[-2746, 22, 1824]
2019	03	04	14	17	28	Aewheros	K9us	Prismarine Shard	0.0	0.0	64	world	[-2749, 22, 1824]
2019	03	04	14	17	29	Aewheros	K9us	Prismarine Shard	0.0	0.0	64	world	[-2749, 22, 1824]
2019	03	04	14	17	29	Aewheros	K9us	Prismarine Shard	0.0	0.0	64	world	[-2749, 22, 1824]
2019	03	04	14	17	30	Aewheros	K9us	Prismarine Shard	0.0	0.0	64	world	[-2749, 22, 1824]
2019	03	04	14	17	31	Aewheros	K9us	Prismarine Shard	0.0	0.0	64	world	[-2749, 22, 1824]
2019	03	04	14	17	31	Aewheros	K9us	Prismarine Shard	0.0	0.0	64	world	[-2749, 22, 1824]
2019	03	04	14	17	32	Aewheros	K9us	Prismarine Shard	0.0	0.0	39	world	[-2749, 22, 1824]
2019	03	04	14	17	39	Aewheros	K9us	Prismarine Shard	0.0	0.0	64	world	[-2750, 22, 1824]
2019	03	04	14	17	40	Aewheros	K9us	Prismarine Shard	0.0	0.0	64	world	[-2750, 22, 1824]
2019	03	04	14	17	40	Aewheros	K9us	Prismarine Shard	0.0	0.0	64	world	[-2750, 22, 1824]
2019	03	04	14	17	41	Aewheros	K9us	Prismarine Shard	0.0	0.0	64	world	[-2750, 22, 1824]
2019	03	04	14	17	41	Aewheros	K9us	Prismarine Shard	0.0	0.0	64	world	[-2750, 22, 1824]
2019	03	04	14	17	42	Aewheros	K9us	Prismarine Shard	0.0	0.0	57	world	[-2750, 22, 1824]
2019	03	04	14	17	48	Aewheros	K9us	Prismarine Shard	0.0	0.0	64	world	[-2749, 22, 1824]
2019	03	04	14	17	49	Aewheros	K9us	Prismarine Shard	0.0	0.0	64	world	[-2749, 22, 1824]
2019	03	04	14	17	49	Aewheros	K9us	Prismarine Shard	0.0	0.0	64	world	[-2749, 22, 1824]
2019	03	04	14	17	50	Aewheros	K9us	Prismarine Shard	0.0	0.0	64	world	[-2749, 22, 1824]
2019	03	04	14	17	51	Aewheros	K9us	Prismarine Shard	0.0	0.0	58	world	[-2749, 22, 1824]
2019	03	04	14	18	04	Aewheros	K9us	Prismarine Shard	0.0	0.0	64	world	[-2750, 22, 1824]
2019	03	04	14	18	05	Aewheros	K9us	Prismarine Shard	0.0	0.0	64	world	[-2750, 22, 1824]
2019	03	04	14	18	05	Aewheros	K9us	Prismarine Shard	0.0	0.0	64	world	[-2750, 22, 1824]
2019	03	04	14	18	06	Aewheros	K9us	Prismarine Shard	0.0	0.0	64	world	[-2750, 22, 1824]
2019	03	04	14	18	06	Aewheros	K9us	Prismarine Shard	0.0	0.0	64	world	[-2750, 22, 1824]
2019	03	04	14	18	07	Aewheros	K9us	Prismarine Shard	0.0	0.0	64	world	[-2750, 22, 1824]
2019	03	04	14	18	08	Aewheros	K9us	Prismarine Shard	0.0	0.0	64	world	[-2750, 22, 1824]
2019	03	04	14	18	08	Aewheros	K9us	Prismarine Shard	0.0	0.0	64	world	[-2750, 22, 1824]
2019	03	04	14	18	09	Aewheros	K9us	Prismarine Shard	0.0	0.0	64	world	[-2750, 22, 1824]
2019	03	04	14	18	09	Aewheros	K9us	Prismarine Shard	0.0	0.0	64	world	[-2750, 22, 1824]
2019	03	04	14	18	10	Aewheros	K9us	Prismarine Shard	0.0	0.0	64	world	[-2750, 22, 1824]
2019	03	04	14	18	17	Aewheros	K9us	Prismarine Shard	0.0	0.0	64	world	[-2749, 22, 1824]
2019	03	04	14	18	18	Aewheros	K9us	Prismarine Shard	0.0	0.0	64	world	[-2749, 22, 1824]
2019	03	04	14	18	18	Aewheros	K9us	Prismarine Shard	0.0	0.0	64	world	[-2749, 22, 1824]
2019	03	04	14	18	19	Aewheros	K9us	Prismarine Shard	0.0	0.0	64	world	[-2749, 22, 1824]
2019	03	04	14	18	20	Aewheros	K9us	Prismarine Shard	0.0	0.0	64	world	[-2749, 22, 1824]
2019	03	04	14	18	20	Aewheros	K9us	Prismarine Shard	0.0	0.0	64	world	[-2749, 22, 1824]
2019	03	04	14	18	21	Aewheros	K9us	Prismarine Shard	0.0	0.0	64	world	[-2749, 22, 1824]
2019	03	04	14	18	21	Aewheros	K9us	Prismarine Shard	0.0	0.0	64	world	[-2749, 22, 1824]
2019	03	04	14	18	22	Aewheros	K9us	Prismarine Shard	0.0	0.0	62	world	[-2749, 22, 1824]
2019	03	04	14	18	28	Aewheros	K9us	Prismarine Shard	0.0	0.0	64	world	[-2748, 22, 1824]
2019	03	04	14	18	29	Aewheros	K9us	Prismarine Shard	0.0	0.0	21	world	[-2748, 22, 1824]
2019	03	04	14	18	30	Aewheros	K9us	Prismarine Shard	0.0	0.0	64	world	[-2749, 22, 1824]
2019	03	04	14	18	31	Aewheros	K9us	Prismarine Shard	0.0	0.0	64	world	[-2749, 22, 1824]
2019	03	04	14	18	31	Aewheros	K9us	Prismarine Shard	0.0	0.0	64	world	[-2749, 22, 1824]
2019	03	04	14	18	32	Aewheros	K9us	Prismarine Shard	0.0	0.0	26	world	[-2749, 22, 1824]
2019	03	04	14	18	44	Aewheros	K9us	Prismarine Shard	0.0	0.0	64	world	[-2750, 22, 1824]
2019	03	04	14	18	45	Aewheros	K9us	Prismarine Shard	0.0	0.0	64	world	[-2750, 22, 1824]
2019	03	04	14	18	45	Aewheros	K9us	Prismarine Shard	0.0	0.0	64	world	[-2750, 22, 1824]
2019	03	04	14	18	46	Aewheros	K9us	Prismarine Shard	0.0	0.0	64	world	[-2750, 22, 1824]
2019	03	04	14	18	47	Aewheros	K9us	Prismarine Shard	0.0	0.0	64	world	[-2750, 22, 1824]
2019	03	04	14	18	47	Aewheros	K9us	Prismarine Shard	0.0	0.0	64	world	[-2750, 22, 1824]
2019	03	04	14	18	48	Aewheros	K9us	Prismarine Shard	0.0	0.0	64	world	[-2750, 22, 1824]
2019	03	04	14	18	49	Aewheros	K9us	Prismarine Shard	0.0	0.0	58	world	[-2750, 22, 1824]
2019	03	04	14	18	55	Aewheros	K9us	Prismarine Shard	0.0	0.0	64	world	[-2750, 22, 1824]
2019	03	04	14	18	56	Aewheros	K9us	Prismarine Shard	0.0	0.0	64	world	[-2750, 22, 1824]
2019	03	04	14	18	56	Aewheros	K9us	Prismarine Shard	0.0	0.0	64	world	[-2750, 22, 1824]
2019	03	04	14	18	57	Aewheros	K9us	Prismarine Shard	0.0	0.0	64	world	[-2750, 22, 1824]
2019	03	04	14	18	58	Aewheros	K9us	Prismarine Shard	0.0	0.0	64	world	[-2750, 22, 1824]
2019	03	04	14	18	58	Aewheros	K9us	Prismarine Shard	0.0	0.0	64	world	[-2750, 22, 1824]
2019	03	04	14	18	59	Aewheros	K9us	Prismarine Shard	0.0	0.0	56	world	[-2750, 22, 1824]
2019	03	04	14	19	06	Aewheros	K9us	Prismarine Shard	0.0	0.0	64	world	[-2750, 22, 1824]
2019	03	04	14	19	06	Aewheros	K9us	Prismarine Shard	0.0	0.0	64	world	[-2750, 22, 1824]
2019	03	04	14	19	07	Aewheros	K9us	Prismarine Shard	0.0	0.0	64	world	[-2750, 22, 1824]
2019	03	04	14	19	09	Aewheros	K9us	Prismarine Shard	0.0	0.0	64	world	[-2750, 22, 1824]
2019	03	04	14	19	11	Aewheros	K9us	Prismarine Shard	0.0	0.0	64	world	[-2750, 22, 1824]
2019	03	04	14	19	11	Aewheros	K9us	Prismarine Shard	0.0	0.0	57	world	[-2750, 22, 1824]
2019	03	04	14	19	22	Aewheros	K9us	Prismarine Shard	0.0	0.0	64	world	[-2750, 22, 1824]
2019	03	04	14	19	23	Aewheros	K9us	Prismarine Shard	0.0	0.0	64	world	[-2750, 22, 1824]
2019	03	04	14	19	23	Aewheros	K9us	Prismarine Shard	0.0	0.0	64	world	[-2750, 22, 1824]
2019	03	04	14	19	24	Aewheros	K9us	Prismarine Shard	0.0	0.0	64	world	[-2750, 22, 1824]
2019	03	04	14	19	25	Aewheros	K9us	Prismarine Shard	0.0	0.0	52	world	[-2750, 22, 1824]
2019	03	04	14	19	25	Aewheros	K9us	Prismarine Shard	0.0	0.0	2	world	[-2750, 22, 1824]
2019	03	04	14	19	26	Aewheros	K9us	Prismarine Shard	0.0	0.0	1	world	[-2750, 22, 1824]
2019	03	04	14	21	04	Aewheros	K9us	Prismarine Shard	0.0	0.0	64	world	[-2750, 22, 1824]
2019	03	04	14	21	05	Aewheros	K9us	Prismarine Shard	0.0	0.0	24	world	[-2750, 22, 1824]
2019	03	04	16	35	25	Aewheros	K9us	Prismarine Shard	0.0	0.0	10	world	[-2749, 22, 1824]
2019	03	04	16	35	26	Aewheros	K9us	Prismarine Shard	0.0	0.0	7	world	[-2750, 22, 1824]
2019	03	04	16	35	32	Aewheros	K9us	Prismarine Shard	0.0	0.0	64	world	[-2750, 22, 1824]
2019	03	04	16	35	33	Aewheros	K9us	Prismarine Shard	0.0	0.0	50	world	[-2750, 22, 1824]
2019	03	04	16	35	44	Aewheros	K9us	Prismarine Shard	0.0	0.0	9	world	[-2750, 22, 1824]
2019	03	04	16	35	46	Aewheros	K9us	Prismarine Shard	0.0	0.0	6	world	[-2750, 22, 1824]
2019	03	06	14	34	52	Aewheros	K9us	Prismarine Shard	0.0	0.0	22	world	[-2749, 22, 1824]
2019	03	06	14	34	52	Aewheros	K9us	Prismarine Shard	0.0	0.0	64	world	[-2750, 22, 1824]
2019	03	06	14	34	53	Aewheros	K9us	Prismarine Shard	0.0	0.0	64	world	[-2750, 22, 1824]
2019	03	06	14	34	54	Aewheros	K9us	Prismarine Shard	0.0	0.0	64	world	[-2750, 22, 1824]
2019	03	06	14	35	00	Aewheros	K9us	Prismarine Shard	0.0	0.0	64	world	[-2750, 22, 1824]
2019	03	06	14	35	00	Aewheros	K9us	Prismarine Shard	0.0	0.0	42	world	[-2750, 22, 1824]
2019	03	07	16	59	23	Aewheros	K9us	Prismarine Shard	0.0	0.0	64	world	[-2750, 22, 1824]
2019	03	07	16	59	24	Aewheros	K9us	Prismarine Shard	0.0	0.0	64	world	[-2750, 22, 1824]
2019	03	07	16	59	24	Aewheros	K9us	Prismarine Shard	0.0	0.0	64	world	[-2750, 22, 1824]
2019	03	07	16	59	25	Aewheros	K9us	Prismarine Shard	0.0	0.0	64	world	[-2750, 22, 1824]
2019	03	07	16	59	30	Aewheros	K9us	Prismarine Shard	0.0	0.0	33	world	[-2750, 22, 1824]
2019	03	07	16	59	31	Aewheros	K9us	Prismarine Shard	0.0	0.0	2	world	[-2750, 22, 1824]
2019	03	07	16	59	32	Aewheros	K9us	Prismarine Shard	0.0	0.0	1	world	[-2750, 22, 1824]
2019	03	07	17	04	26	Aewheros	K9us	Prismarine Shard	0.0	0.0	1	world	[-2749, 22, 1824]
2019	03	07	17	08	25	Aewheros	K9us	Prismarine Shard	0.0	0.0	1	world	[-2748, 22, 1824]
2019	03	07	17	08	26	Aewheros	K9us	Prismarine Shard	0.0	0.0	64	world	[-2748, 22, 1824]
2019	03	07	17	08	27	Aewheros	K9us	Prismarine Shard	0.0	0.0	64	world	[-2749, 22, 1824]
2019	03	07	17	08	28	Aewheros	K9us	Prismarine Shard	0.0	0.0	64	world	[-2750, 22, 1824]
2019	03	07	17	08	28	Aewheros	K9us	Prismarine Shard	0.0	0.0	64	world	[-2749, 22, 1824]
2019	03	07	17	08	29	Aewheros	K9us	Prismarine Shard	0.0	0.0	64	world	[-2748, 22, 1824]
2019	03	07	17	08	30	Aewheros	K9us	Prismarine Shard	0.0	0.0	64	world	[-2750, 22, 1824]
2019	03	07	17	08	31	Aewheros	K9us	Prismarine Shard	0.0	0.0	64	world	[-2748, 22, 1824]
2019	03	07	17	08	32	Aewheros	K9us	Prismarine Shard	0.0	0.0	64	world	[-2750, 22, 1824]
2019	03	07	17	08	33	Aewheros	K9us	Prismarine Shard	0.0	0.0	26	world	[-2746, 22, 1824]
2019	03	07	17	18	13	Aewheros	K9us	Prismarine Shard	0.0	0.0	64	world	[-2748, 22, 1824]
2019	03	07	17	18	13	Aewheros	K9us	Prismarine Shard	0.0	0.0	64	world	[-2748, 22, 1824]
2019	03	07	17	18	14	Aewheros	K9us	Prismarine Shard	0.0	0.0	64	world	[-2748, 22, 1824]
2019	03	07	17	18	15	Aewheros	K9us	Prismarine Shard	0.0	0.0	64	world	[-2748, 22, 1824]
2019	03	07	17	18	15	Aewheros	K9us	Prismarine Shard	0.0	0.0	64	world	[-2748, 22, 1824]
2019	03	07	17	18	16	Aewheros	K9us	Prismarine Shard	0.0	0.0	64	world	[-2748, 22, 1824]
2019	03	07	17	18	16	Aewheros	K9us	Prismarine Shard	0.0	0.0	64	world	[-2748, 22, 1824]
2019	03	07	17	18	27	Aewheros	K9us	Prismarine Shard	0.0	0.0	64	world	[-2749, 22, 1824]
2019	03	07	17	18	28	Aewheros	K9us	Prismarine Shard	0.0	0.0	64	world	[-2749, 22, 1824]
2019	03	07	17	18	29	Aewheros	K9us	Prismarine Shard	0.0	0.0	64	world	[-2749, 22, 1824]
2019	03	07	17	18	29	Aewheros	K9us	Prismarine Shard	0.0	0.0	64	world	[-2749, 22, 1824]
2019	03	07	17	18	30	Aewheros	K9us	Prismarine Shard	0.0	0.0	64	world	[-2749, 22, 1824]
2019	03	07	17	18	30	Aewheros	K9us	Prismarine Shard	0.0	0.0	64	world	[-2749, 22, 1824]
2019	03	07	17	18	31	Aewheros	K9us	Prismarine Shard	0.0	0.0	64	world	[-2749, 22, 1824]
2019	03	07	17	18	32	Aewheros	K9us	Prismarine Shard	0.0	0.0	64	world	[-2749, 22, 1824]
2019	03	07	17	18	32	Aewheros	K9us	Prismarine Shard	0.0	0.0	64	world	[-2749, 22, 1824]
2019	03	07	17	18	33	Aewheros	K9us	Prismarine Shard	0.0	0.0	64	world	[-2749, 22, 1824]
2019	03	07	17	18	33	Aewheros	K9us	Prismarine Shard	0.0	0.0	64	world	[-2749, 22, 1824]
2019	03	07	17	18	34	Aewheros	K9us	Prismarine Shard	0.0	0.0	24	world	[-2749, 22, 1824]
2019	03	07	17	18	42	Aewheros	K9us	Prismarine Shard	0.0	0.0	64	world	[-2750, 22, 1824]
2019	03	07	17	18	42	Aewheros	K9us	Prismarine Shard	0.0	0.0	64	world	[-2750, 22, 1824]
2019	03	07	17	18	43	Aewheros	K9us	Prismarine Shard	0.0	0.0	64	world	[-2750, 22, 1824]
2019	03	07	17	18	43	Aewheros	K9us	Prismarine Shard	0.0	0.0	64	world	[-2750, 22, 1824]
2019	03	07	17	18	44	Aewheros	K9us	Prismarine Shard	0.0	0.0	64	world	[-2749, 22, 1824]
2019	03	07	17	18	45	Aewheros	K9us	Prismarine Shard	0.0	0.0	64	world	[-2749, 22, 1824]
2019	03	07	17	18	45	Aewheros	K9us	Prismarine Shard	0.0	0.0	64	world	[-2749, 22, 1824]
2019	03	07	17	18	46	Aewheros	K9us	Prismarine Shard	0.0	0.0	64	world	[-2749, 22, 1824]
2019	03	07	17	18	46	Aewheros	K9us	Prismarine Shard	0.0	0.0	64	world	[-2749, 22, 1824]
2019	03	07	17	18	47	Aewheros	K9us	Prismarine Shard	0.0	0.0	33	world	[-2749, 22, 1824]
2019	03	07	17	18	54	Aewheros	K9us	Prismarine Shard	0.0	0.0	64	world	[-2750, 22, 1824]
2019	03	07	17	18	55	Aewheros	K9us	Prismarine Shard	0.0	0.0	64	world	[-2750, 22, 1824]
2019	03	07	17	18	56	Aewheros	K9us	Prismarine Shard	0.0	0.0	64	world	[-2750, 22, 1824]
2019	03	07	17	18	56	Aewheros	K9us	Prismarine Shard	0.0	0.0	64	world	[-2750, 22, 1824]
2019	03	07	17	18	57	Aewheros	K9us	Prismarine Shard	0.0	0.0	64	world	[-2750, 22, 1824]
2019	03	07	17	18	57	Aewheros	K9us	Prismarine Shard	0.0	0.0	64	world	[-2750, 22, 1824]
2019	03	07	17	18	58	Aewheros	K9us	Prismarine Shard	0.0	0.0	64	world	[-2750, 22, 1824]
2019	03	07	17	18	59	Aewheros	K9us	Prismarine Shard	0.0	0.0	64	world	[-2750, 22, 1824]
2019	03	07	17	18	59	Aewheros	K9us	Prismarine Shard	0.0	0.0	64	world	[-2750, 22, 1824]
2019	03	07	17	19	05	Aewheros	K9us	Prismarine Shard	0.0	0.0	64	world	[-2750, 22, 1824]
2019	03	07	17	19	06	Aewheros	K9us	Prismarine Shard	0.0	0.0	64	world	[-2750, 22, 1824]
2019	03	07	17	19	07	Aewheros	K9us	Prismarine Shard	0.0	0.0	64	world	[-2750, 22, 1824]
2019	03	07	17	19	07	Aewheros	K9us	Prismarine Shard	0.0	0.0	64	world	[-2750, 22, 1824]
2019	03	07	17	19	08	Aewheros	K9us	Prismarine Shard	0.0	0.0	64	world	[-2750, 22, 1824]
2019	03	07	17	19	08	Aewheros	K9us	Prismarine Shard	0.0	0.0	64	world	[-2750, 22, 1824]
2019	03	07	17	19	09	Aewheros	K9us	Prismarine Shard	0.0	0.0	64	world	[-2750, 22, 1824]
2019	03	07	17	19	10	Aewheros	K9us	Prismarine Shard	0.0	0.0	64	world	[-2750, 22, 1824]
2019	03	07	17	19	22	Aewheros	K9us	Prismarine Shard	0.0	0.0	64	world	[-2750, 22, 1824]
2019	03	07	17	19	23	Aewheros	K9us	Prismarine Shard	0.0	0.0	64	world	[-2750, 22, 1824]
2019	03	07	17	19	23	Aewheros	K9us	Prismarine Shard	0.0	0.0	64	world	[-2750, 22, 1824]
2019	03	07	17	19	24	Aewheros	K9us	Prismarine Shard	0.0	0.0	64	world	[-2750, 22, 1824]
2019	03	07	17	19	25	Aewheros	K9us	Prismarine Shard	0.0	0.0	64	world	[-2750, 22, 1824]
2019	03	07	17	19	25	Aewheros	K9us	Prismarine Shard	0.0	0.0	64	world	[-2750, 22, 1824]
2019	03	07	17	19	26	Aewheros	K9us	Prismarine Shard	0.0	0.0	56	world	[-2750, 22, 1824]
2019	03	07	17	19	33	Aewheros	K9us	Prismarine Shard	0.0	0.0	64	world	[-2750, 22, 1824]
2019	03	07	17	19	34	Aewheros	K9us	Prismarine Shard	0.0	0.0	42	world	[-2750, 22, 1824]
2019	03	07	17	19	34	Aewheros	K9us	Prismarine Shard	0.0	0.0	1	world	[-2750, 22, 1824]
2019	03	07	17	19	35	Aewheros	K9us	Prismarine Shard	0.0	0.0	61	world	[-2749, 22, 1824]
2019	03	07	17	19	36	Aewheros	K9us	Prismarine Shard	0.0	0.0	2	world	[-2749, 22, 1824]
2019	03	07	17	19	37	Aewheros	K9us	Prismarine Shard	0.0	0.0	1	world	[-2749, 22, 1824]
2019	03	07	17	19	37	Aewheros	K9us	Prismarine Shard	0.0	0.0	2	world	[-2749, 22, 1824]
2019	03	07	17	19	39	Aewheros	K9us	Prismarine Shard	0.0	0.0	64	world	[-2746, 22, 1824]
2019	03	07	17	19	40	Aewheros	K9us	Prismarine Shard	0.0	0.0	47	world	[-2746, 22, 1824]
2019	03	07	18	01	10	Aewheros	K9us	Prismarine Shard	0.0	0.0	64	world	[-2748, 22, 1824]
2019	03	07	18	01	11	Aewheros	K9us	Prismarine Shard	0.0	0.0	64	world	[-2750, 22, 1824]
2019	03	07	18	01	12	Aewheros	K9us	Prismarine Shard	0.0	0.0	64	world	[-2750, 22, 1824]
2019	03	07	18	01	13	Aewheros	K9us	Prismarine Shard	0.0	0.0	64	world	[-2750, 22, 1824]
2019	03	07	18	01	13	Aewheros	K9us	Prismarine Shard	0.0	0.0	64	world	[-2750, 22, 1824]
2019	03	07	18	01	14	Aewheros	K9us	Prismarine Shard	0.0	0.0	64	world	[-2750, 22, 1824]
2019	03	07	18	01	14	Aewheros	K9us	Prismarine Shard	0.0	0.0	64	world	[-2750, 22, 1824]
2019	03	07	18	01	15	Aewheros	K9us	Prismarine Shard	0.0	0.0	61	world	[-2750, 22, 1824]
2019	03	07	18	01	30	Aewheros	K9us	Prismarine Shard	0.0	0.0	64	world	[-2746, 22, 1824]
2019	03	07	18	01	31	Aewheros	K9us	Prismarine Shard	0.0	0.0	64	world	[-2746, 22, 1824]
2019	03	07	18	01	31	Aewheros	K9us	Prismarine Shard	0.0	0.0	64	world	[-2746, 22, 1824]
2019	03	07	18	01	32	Aewheros	K9us	Prismarine Shard	0.0	0.0	64	world	[-2746, 22, 1824]
2019	03	07	18	01	32	Aewheros	K9us	Prismarine Shard	0.0	0.0	64	world	[-2746, 22, 1824]
2019	03	07	18	01	33	Aewheros	K9us	Prismarine Shard	0.0	0.0	52	world	[-2746, 22, 1824]
2019	03	07	18	01	43	Aewheros	K9us	Prismarine Shard	0.0	0.0	64	world	[-2748, 22, 1824]
2019	03	07	18	01	44	Aewheros	K9us	Prismarine Shard	0.0	0.0	64	world	[-2748, 22, 1824]
2019	03	07	18	01	45	Aewheros	K9us	Prismarine Shard	0.0	0.0	64	world	[-2748, 22, 1824]
2019	03	07	18	01	45	Aewheros	K9us	Prismarine Shard	0.0	0.0	64	world	[-2748, 22, 1824]
2019	03	07	18	01	46	Aewheros	K9us	Prismarine Shard	0.0	0.0	64	world	[-2748, 22, 1824]
2019	03	07	18	01	46	Aewheros	K9us	Prismarine Shard	0.0	0.0	28	world	[-2748, 22, 1824]
2019	03	07	18	01	56	Aewheros	K9us	Prismarine Shard	0.0	0.0	64	world	[-2750, 22, 1824]
2019	03	07	18	01	57	Aewheros	K9us	Prismarine Shard	0.0	0.0	64	world	[-2750, 22, 1824]
2019	03	07	18	01	58	Aewheros	K9us	Prismarine Shard	0.0	0.0	64	world	[-2750, 22, 1824]
2019	03	07	18	01	58	Aewheros	K9us	Prismarine Shard	0.0	0.0	64	world	[-2750, 22, 1824]
2019	03	07	18	01	59	Aewheros	K9us	Prismarine Shard	0.0	0.0	64	world	[-2750, 22, 1824]
2019	03	07	18	02	00	Aewheros	K9us	Prismarine Shard	0.0	0.0	64	world	[-2750, 22, 1824]
2019	03	07	18	02	00	Aewheros	K9us	Prismarine Shard	0.0	0.0	64	world	[-2750, 22, 1824]
2019	03	07	18	02	10	Aewheros	K9us	Prismarine Shard	0.0	0.0	64	world	[-2750, 22, 1824]
2019	03	07	18	02	10	Aewheros	K9us	Prismarine Shard	0.0	0.0	64	world	[-2750, 22, 1824]
2019	03	07	18	02	11	Aewheros	K9us	Prismarine Shard	0.0	0.0	64	world	[-2750, 22, 1824]
2019	03	07	18	02	11	Aewheros	K9us	Prismarine Shard	0.0	0.0	64	world	[-2750, 22, 1824]
2019	03	07	18	02	12	Aewheros	K9us	Prismarine Shard	0.0	0.0	64	world	[-2750, 22, 1824]
2019	03	07	18	02	13	Aewheros	K9us	Prismarine Shard	0.0	0.0	64	world	[-2750, 22, 1824]
2019	03	07	18	02	13	Aewheros	K9us	Prismarine Shard	0.0	0.0	64	world	[-2750, 22, 1824]
2019	03	07	18	02	14	Aewheros	K9us	Prismarine Shard	0.0	0.0	64	world	[-2750, 22, 1824]
2019	03	07	18	02	15	Aewheros	K9us	Prismarine Shard	0.0	0.0	64	world	[-2750, 22, 1824]
2019	03	07	18	02	15	Aewheros	K9us	Prismarine Shard	0.0	0.0	60	world	[-2750, 22, 1824]
2019	03	07	18	02	49	Aewheros	K9us	Prismarine Shard	0.0	0.0	64	world	[-2748, 22, 1824]
2019	03	07	18	02	58	Aewheros	K9us	Prismarine Shard	0.0	0.0	64	world	[-2748, 22, 1824]
2019	03	07	18	02	59	Aewheros	K9us	Prismarine Shard	0.0	0.0	64	world	[-2748, 22, 1824]
2019	03	07	18	02	59	Aewheros	K9us	Prismarine Shard	0.0	0.0	64	world	[-2748, 22, 1824]
2019	03	07	18	03	00	Aewheros	K9us	Prismarine Shard	0.0	0.0	64	world	[-2748, 22, 1824]
2019	03	07	18	03	00	Aewheros	K9us	Prismarine Shard	0.0	0.0	64	world	[-2748, 22, 1824]
2019	03	07	18	03	01	Aewheros	K9us	Prismarine Shard	0.0	0.0	64	world	[-2748, 22, 1824]
2019	03	07	18	03	02	Aewheros	K9us	Prismarine Shard	0.0	0.0	64	world	[-2750, 22, 1824]
2019	03	07	18	03	03	Aewheros	K9us	Prismarine Shard	0.0	0.0	64	world	[-2750, 22, 1824]
2019	03	07	18	03	03	Aewheros	K9us	Prismarine Shard	0.0	0.0	64	world	[-2750, 22, 1824]
2019	03	07	18	03	04	Aewheros	K9us	Prismarine Shard	0.0	0.0	64	world	[-2750, 22, 1824]
2019	03	07	18	03	11	Aewheros	K9us	Prismarine Shard	0.0	0.0	64	world	[-2749, 22, 1824]
2019	03	07	18	03	12	Aewheros	K9us	Prismarine Shard	0.0	0.0	64	world	[-2749, 22, 1824]
2019	03	07	18	03	12	Aewheros	K9us	Prismarine Shard	0.0	0.0	64	world	[-2749, 22, 1824]
2019	03	07	18	03	13	Aewheros	K9us	Prismarine Shard	0.0	0.0	64	world	[-2749, 22, 1824]
2019	03	07	18	03	13	Aewheros	K9us	Prismarine Shard	0.0	0.0	64	world	[-2749, 22, 1824]
2019	03	07	18	03	14	Aewheros	K9us	Prismarine Shard	0.0	0.0	64	world	[-2749, 22, 1824]
2019	03	07	18	03	15	Aewheros	K9us	Prismarine Shard	0.0	0.0	64	world	[-2749, 22, 1824]
2019	03	07	18	03	15	Aewheros	K9us	Prismarine Shard	0.0	0.0	64	world	[-2749, 22, 1824]
2019	03	07	18	03	16	Aewheros	K9us	Prismarine Shard	0.0	0.0	64	world	[-2749, 22, 1824]
2019	03	07	18	03	18	Aewheros	K9us	Prismarine Shard	0.0	0.0	1	world	[-2749, 22, 1824]
2019	03	07	18	03	19	Aewheros	K9us	Prismarine Shard	0.0	0.0	64	world	[-2750, 22, 1824]
2019	03	07	18	03	36	Aewheros	K9us	Prismarine Shard	0.0	0.0	64	world	[-2750, 22, 1824]
2019	03	07	18	03	37	Aewheros	K9us	Prismarine Shard	0.0	0.0	64	world	[-2750, 22, 1824]
2019	03	07	18	03	38	Aewheros	K9us	Prismarine Shard	0.0	0.0	64	world	[-2750, 22, 1824]
2019	03	07	18	03	38	Aewheros	K9us	Prismarine Shard	0.0	0.0	64	world	[-2750, 22, 1824]
2019	03	07	18	03	39	Aewheros	K9us	Prismarine Shard	0.0	0.0	64	world	[-2750, 22, 1824]
2019	03	07	18	03	39	Aewheros	K9us	Prismarine Shard	0.0	0.0	64	world	[-2750, 22, 1824]
2019	03	07	18	03	40	Aewheros	K9us	Prismarine Shard	0.0	0.0	64	world	[-2750, 22, 1824]
2019	03	07	18	03	41	Aewheros	K9us	Prismarine Shard	0.0	0.0	64	world	[-2750, 22, 1824]
2019	03	07	18	03	41	Aewheros	K9us	Prismarine Shard	0.0	0.0	64	world	[-2750, 22, 1824]
2019	03	07	18	03	42	Aewheros	K9us	Prismarine Shard	0.0	0.0	64	world	[-2750, 22, 1824]
2019	03	07	18	03	42	Aewheros	K9us	Prismarine Shard	0.0	0.0	64	world	[-2750, 22, 1824]
2019	03	07	18	03	43	Aewheros	K9us	Prismarine Shard	0.0	0.0	64	world	[-2750, 22, 1824]
2019	03	07	18	03	44	Aewheros	K9us	Prismarine Shard	0.0	0.0	64	world	[-2750, 22, 1824]
2019	03	07	18	03	44	Aewheros	K9us	Prismarine Shard	0.0	0.0	64	world	[-2750, 22, 1824]
2019	03	07	18	03	45	Aewheros	K9us	Prismarine Shard	0.0	0.0	58	world	[-2750, 22, 1824]
2019	03	07	18	04	01	Aewheros	K9us	Prismarine Shard	0.0	0.0	64	world	[-2750, 22, 1824]
2019	03	07	18	04	02	Aewheros	K9us	Prismarine Shard	0.0	0.0	64	world	[-2750, 22, 1824]
2019	03	07	18	04	03	Aewheros	K9us	Prismarine Shard	0.0	0.0	64	world	[-2750, 22, 1824]
2019	03	07	18	04	17	Aewheros	K9us	Prismarine Shard	0.0	0.0	64	world	[-2750, 22, 1824]
2019	03	09	16	00	48	Aewheros	K9us	Prismarine Shard	0.0	0.0	64	world	[-2748, 22, 1824]
2019	03	09	16	00	49	Aewheros	K9us	Prismarine Shard	0.0	0.0	64	world	[-2748, 22, 1824]
2019	03	09	16	00	55	Aewheros	K9us	Prismarine Shard	0.0	0.0	64	world	[-2749, 22, 1824]
2019	03	09	16	00	56	Aewheros	K9us	Prismarine Shard	0.0	0.0	64	world	[-2749, 22, 1824]
2019	03	09	16	00	56	Aewheros	K9us	Prismarine Shard	0.0	0.0	64	world	[-2749, 22, 1824]
2019	03	09	16	01	11	Aewheros	K9us	Prismarine Shard	0.0	0.0	64	world	[-2748, 22, 1824]
2019	03	09	16	02	11	Aewheros	K9us	Prismarine Shard	0.0	0.0	64	world	[-2748, 22, 1824]
2019	03	09	16	02	11	Aewheros	K9us	Prismarine Shard	0.0	0.0	64	world	[-2748, 22, 1824]
2019	03	09	16	02	42	Aewheros	K9us	Prismarine Shard	0.0	0.0	64	world	[-2749, 22, 1824]
2019	03	09	16	02	42	Aewheros	K9us	Prismarine Shard	0.0	0.0	8	world	[-2749, 22, 1824]
2019	03	09	16	06	19	Aewheros	K9us	Prismarine Shard	0.0	0.0	35	world	[-2750, 22, 1824]
2019	03	09	16	06	29	Aewheros	K9us	Prismarine Shard	0.0	0.0	64	world	[-2749, 22, 1824]
2019	03	09	16	06	30	Aewheros	K9us	Prismarine Shard	0.0	0.0	64	world	[-2749, 22, 1824]
2019	03	09	16	06	36	Aewheros	K9us	Prismarine Shard	0.0	0.0	64	world	[-2749, 22, 1824]
2019	03	09	16	06	36	Aewheros	K9us	Prismarine Shard	0.0	0.0	64	world	[-2749, 22, 1824]
2019	03	09	16	06	37	Aewheros	K9us	Prismarine Shard	0.0	0.0	64	world	[-2749, 22, 1824]
2019	03	09	16	09	11	Aewheros	K9us	Prismarine Shard	0.0	0.0	64	world	[-2746, 22, 1824]
2019	03	09	16	09	12	Aewheros	K9us	Prismarine Shard	0.0	0.0	64	world	[-2746, 22, 1824]
2019	03	09	16	09	12	Aewheros	K9us	Prismarine Shard	0.0	0.0	64	world	[-2746, 22, 1824]
2019	03	09	16	09	13	Aewheros	K9us	Prismarine Shard	0.0	0.0	9	world	[-2746, 22, 1824]
2019	03	09	16	09	45	Aewheros	K9us	Prismarine Shard	0.0	0.0	64	world	[-2749, 22, 1824]
2019	03	09	16	09	45	Aewheros	K9us	Prismarine Shard	0.0	0.0	64	world	[-2749, 22, 1824]
2019	03	09	16	09	46	Aewheros	K9us	Prismarine Shard	0.0	0.0	64	world	[-2749, 22, 1824]
2019	03	09	16	09	46	Aewheros	K9us	Prismarine Shard	0.0	0.0	64	world	[-2749, 22, 1824]
2019	03	09	16	09	47	Aewheros	K9us	Prismarine Shard	0.0	0.0	64	world	[-2749, 22, 1824]
2019	03	09	16	15	14	Aewheros	K9us	Prismarine Shard	0.0	0.0	1	world	[-2748, 22, 1824]
2019	03	09	16	15	15	Aewheros	K9us	Prismarine Shard	0.0	0.0	64	world	[-2748, 22, 1824]
2019	03	09	16	15	16	Aewheros	K9us	Prismarine Shard	0.0	0.0	64	world	[-2748, 22, 1824]
2019	03	09	16	15	16	Aewheros	K9us	Prismarine Shard	0.0	0.0	64	world	[-2748, 22, 1824]
2019	03	09	16	15	17	Aewheros	K9us	Prismarine Shard	0.0	0.0	15	world	[-2748, 22, 1824]
2019	03	09	16	23	26	Aewheros	K9us	Prismarine Shard	0.0	0.0	64	world	[-2748, 22, 1824]
2019	03	09	16	23	27	Aewheros	K9us	Prismarine Shard	0.0	0.0	64	world	[-2748, 22, 1824]
2019	03	09	16	27	22	Aewheros	K9us	Prismarine Shard	0.0	0.0	64	world	[-2746, 22, 1824]
2019	03	09	16	27	23	Aewheros	K9us	Prismarine Shard	0.0	0.0	64	world	[-2746, 22, 1824]
2019	03	09	16	27	25	Aewheros	K9us	Prismarine Shard	0.0	0.0	64	world	[-2749, 22, 1824]
2019	03	09	16	27	26	Aewheros	K9us	Prismarine Shard	0.0	0.0	64	world	[-2749, 22, 1824]
2019	03	09	16	27	27	Aewheros	K9us	Prismarine Shard	0.0	0.0	64	world	[-2749, 22, 1824]
2019	03	09	16	27	27	Aewheros	K9us	Prismarine Shard	0.0	0.0	64	world	[-2750, 22, 1824]
2019	03	13	12	37	10	NorraLigan	K9us	Prismarine Shard	0.0	0.0	64	world	[-2748, 22, 1824]
2019	03	13	12	37	22	NorraLigan	K9us	Prismarine Shard	0.0	0.0	64	world	[-2748, 22, 1824]
2019	03	13	12	37	23	NorraLigan	K9us	Prismarine Shard	0.0	0.0	64	world	[-2748, 22, 1824]
2019	03	13	12	37	23	NorraLigan	K9us	Prismarine Shard	0.0	0.0	64	world	[-2748, 22, 1824]
2019	03	13	12	37	24	NorraLigan	K9us	Prismarine Shard	0.0	0.0	64	world	[-2748, 22, 1824]
2019	03	13	12	37	46	NorraLigan	K9us	Prismarine Shard	0.0	0.0	64	world	[-2749, 22, 1824]
2019	03	13	13	12	15	Aewheros	K9us	Prismarine Shard	0.0	0.0	64	world	[-2748, 22, 1824]
2019	03	13	13	12	16	Aewheros	K9us	Prismarine Shard	0.0	0.0	64	world	[-2748, 22, 1824]
2019	03	13	13	12	16	Aewheros	K9us	Prismarine Shard	0.0	0.0	64	world	[-2748, 22, 1824]
2019	03	13	13	12	17	Aewheros	K9us	Prismarine Shard	0.0	0.0	64	world	[-2748, 22, 1824]
2019	03	13	13	12	18	Aewheros	K9us	Prismarine Shard	0.0	0.0	64	world	[-2748, 22, 1824]
2019	03	16	08	02	14	Aewheros	K9us	Prismarine Shard	0.0	0.0	64	world	[-2746, 22, 1824]
2019	03	16	08	02	14	Aewheros	K9us	Prismarine Shard	0.0	0.0	64	world	[-2746, 22, 1824]
2019	03	16	08	02	15	Aewheros	K9us	Prismarine Shard	0.0	0.0	64	world	[-2746, 22, 1824]
2019	03	16	08	02	16	Aewheros	K9us	Prismarine Shard	0.0	0.0	64	world	[-2748, 22, 1824]
2019	03	16	08	02	17	Aewheros	K9us	Prismarine Shard	0.0	0.0	64	world	[-2748, 22, 1824]
2019	03	16	08	02	18	Aewheros	K9us	Prismarine Shard	0.0	0.0	64	world	[-2749, 22, 1824]
2019	03	16	08	02	18	Aewheros	K9us	Prismarine Shard	0.0	0.0	64	world	[-2749, 22, 1824]
2019	03	16	08	02	27	Aewheros	K9us	Prismarine Shard	0.0	0.0	64	world	[-2750, 22, 1824]
2019	03	16	08	02	28	Aewheros	K9us	Prismarine Shard	0.0	0.0	64	world	[-2750, 22, 1824]
2019	03	16	08	02	28	Aewheros	K9us	Prismarine Shard	0.0	0.0	64	world	[-2750, 22, 1824]
2019	03	16	08	02	29	Aewheros	K9us	Prismarine Shard	0.0	0.0	64	world	[-2750, 22, 1824]
2019	03	16	08	02	29	Aewheros	K9us	Prismarine Shard	0.0	0.0	64	world	[-2750, 22, 1824]
2019	03	16	08	02	30	Aewheros	K9us	Prismarine Shard	0.0	0.0	64	world	[-2750, 22, 1824]
2019	03	16	08	02	31	Aewheros	K9us	Prismarine Shard	0.0	0.0	64	world	[-2750, 22, 1824]
2019	03	16	08	02	31	Aewheros	K9us	Prismarine Shard	0.0	0.0	64	world	[-2750, 22, 1824]
2019	03	16	08	02	32	Aewheros	K9us	Prismarine Shard	0.0	0.0	64	world	[-2750, 22, 1824]
2019	03	16	08	02	33	Aewheros	K9us	Prismarine Shard	0.0	0.0	64	world	[-2749, 22, 1824]
2019	03	16	08	02	33	Aewheros	K9us	Prismarine Shard	0.0	0.0	64	world	[-2749, 22, 1824]
2019	03	16	08	02	34	Aewheros	K9us	Prismarine Shard	0.0	0.0	64	world	[-2749, 22, 1824]
2019	03	16	08	02	35	Aewheros	K9us	Prismarine Shard	0.0	0.0	64	world	[-2749, 22, 1824]
2019	03	16	08	02	35	Aewheros	K9us	Prismarine Shard	0.0	0.0	64	world	[-2748, 22, 1824]
2019	03	16	08	02	36	Aewheros	K9us	Prismarine Shard	0.0	0.0	64	world	[-2748, 22, 1824]
2019	03	16	08	02	36	Aewheros	K9us	Prismarine Shard	0.0	0.0	60	world	[-2748, 22, 1824]
2019	03	16	17	09	47	sharonclaws	Cardano_ff	Prismarine Shard	1.0	64.0	64	world	[-2507, 23, 2815]
2019	03	17	20	33	25	Aewheros	K9us	Prismarine Shard	0.0	0.0	64	world	[-2749, 22, 1824]
2019	03	17	20	33	32	Aewheros	K9us	Prismarine Shard	0.0	0.0	64	world	[-2749, 22, 1824]
2019	03	17	20	34	14	Aewheros	K9us	Prismarine Shard	0.0	0.0	64	world	[-2750, 22, 1824]
2019	03	17	20	34	14	Aewheros	K9us	Prismarine Shard	0.0	0.0	64	world	[-2750, 22, 1824]
2019	03	17	20	34	15	Aewheros	K9us	Prismarine Shard	0.0	0.0	64	world	[-2750, 22, 1824]
2019	03	17	20	34	15	Aewheros	K9us	Prismarine Shard	0.0	0.0	64	world	[-2750, 22, 1824]
2019	03	17	20	34	16	Aewheros	K9us	Prismarine Shard	0.0	0.0	64	world	[-2750, 22, 1824]
2019	03	17	20	34	17	Aewheros	K9us	Prismarine Shard	0.0	0.0	64	world	[-2750, 22, 1824]
2019	03	17	20	34	17	Aewheros	K9us	Prismarine Shard	0.0	0.0	64	world	[-2750, 22, 1824]
2019	03	17	20	34	18	Aewheros	K9us	Prismarine Shard	0.0	0.0	45	world	[-2750, 22, 1824]
2019	03	17	20	36	14	Aewheros	K9us	Prismarine Shard	0.0	0.0	64	world	[-2750, 22, 1824]
2019	03	17	20	36	15	Aewheros	K9us	Prismarine Shard	0.0	0.0	64	world	[-2750, 22, 1824]
2019	03	17	20	36	15	Aewheros	K9us	Prismarine Shard	0.0	0.0	64	world	[-2750, 22, 1824]
2019	03	17	20	36	37	Aewheros	K9us	Prismarine Shard	0.0	0.0	64	world	[-2749, 22, 1824]
2019	03	17	20	36	37	Aewheros	K9us	Prismarine Shard	0.0	0.0	64	world	[-2749, 22, 1824]
2019	03	17	20	36	38	Aewheros	K9us	Prismarine Shard	0.0	0.0	64	world	[-2749, 22, 1824]
2019	03	17	20	36	38	Aewheros	K9us	Prismarine Shard	0.0	0.0	64	world	[-2749, 22, 1824]
2019	03	17	20	36	39	Aewheros	K9us	Prismarine Shard	0.0	0.0	64	world	[-2749, 22, 1824]
2019	03	17	20	36	40	Aewheros	K9us	Prismarine Shard	0.0	0.0	64	world	[-2749, 22, 1824]
2019	03	17	20	38	23	Aewheros	K9us	Prismarine Shard	0.0	0.0	64	world	[-2746, 22, 1824]
2019	03	17	20	38	24	Aewheros	K9us	Prismarine Shard	0.0	0.0	64	world	[-2746, 22, 1824]
2019	03	17	20	38	24	Aewheros	K9us	Prismarine Shard	0.0	0.0	64	world	[-2746, 22, 1824]
2019	03	17	20	38	25	Aewheros	K9us	Prismarine Shard	0.0	0.0	64	world	[-2746, 22, 1824]
2019	03	17	20	38	25	Aewheros	K9us	Prismarine Shard	0.0	0.0	64	world	[-2746, 22, 1824]
2019	03	17	20	38	26	Aewheros	K9us	Prismarine Shard	0.0	0.0	64	world	[-2746, 22, 1824]
2019	03	17	20	38	27	Aewheros	K9us	Prismarine Shard	0.0	0.0	64	world	[-2746, 22, 1824]
2019	03	17	20	38	27	Aewheros	K9us	Prismarine Shard	0.0	0.0	64	world	[-2746, 22, 1824]
2019	03	17	20	38	28	Aewheros	K9us	Prismarine Shard	0.0	0.0	18	world	[-2746, 22, 1824]
2019	03	17	20	38	57	Aewheros	K9us	Prismarine Shard	0.0	0.0	1	world	[-2749, 22, 1824]
2019	03	17	20	38	58	Aewheros	K9us	Prismarine Shard	0.0	0.0	64	world	[-2749, 22, 1824]
2019	03	17	20	38	58	Aewheros	K9us	Prismarine Shard	0.0	0.0	64	world	[-2749, 22, 1824]
2019	03	17	20	39	07	Aewheros	K9us	Prismarine Shard	0.0	0.0	64	world	[-2749, 22, 1824]
2019	03	17	20	39	08	Aewheros	K9us	Prismarine Shard	0.0	0.0	64	world	[-2749, 22, 1824]
2019	03	17	20	39	08	Aewheros	K9us	Prismarine Shard	0.0	0.0	64	world	[-2749, 22, 1824]
2019	03	17	20	39	09	Aewheros	K9us	Prismarine Shard	0.0	0.0	64	world	[-2749, 22, 1824]
2019	03	17	20	39	09	Aewheros	K9us	Prismarine Shard	0.0	0.0	64	world	[-2749, 22, 1824]
2019	03	17	20	39	10	Aewheros	K9us	Prismarine Shard	0.0	0.0	64	world	[-2749, 22, 1824]
2019	03	17	20	39	11	Aewheros	K9us	Prismarine Shard	0.0	0.0	64	world	[-2749, 22, 1824]
2019	03	17	20	39	11	Aewheros	K9us	Prismarine Shard	0.0	0.0	64	world	[-2749, 22, 1824]
2019	03	17	20	39	12	Aewheros	K9us	Prismarine Shard	0.0	0.0	64	world	[-2749, 22, 1824]
2019	03	17	20	39	12	Aewheros	K9us	Prismarine Shard	0.0	0.0	64	world	[-2749, 22, 1824]
2019	03	17	20	39	13	Aewheros	K9us	Prismarine Shard	0.0	0.0	64	world	[-2749, 22, 1824]
2019	03	17	20	39	14	Aewheros	K9us	Prismarine Shard	0.0	0.0	13	world	[-2749, 22, 1824]
2019	03	17	20	39	20	Aewheros	K9us	Prismarine Shard	0.0	0.0	64	world	[-2749, 22, 1824]
2019	03	17	20	39	21	Aewheros	K9us	Prismarine Shard	0.0	0.0	64	world	[-2749, 22, 1824]
2019	03	17	20	39	22	Aewheros	K9us	Prismarine Shard	0.0	0.0	64	world	[-2749, 22, 1824]
2019	03	17	20	39	22	Aewheros	K9us	Prismarine Shard	0.0	0.0	64	world	[-2749, 22, 1824]
2019	03	17	20	39	23	Aewheros	K9us	Prismarine Shard	0.0	0.0	64	world	[-2749, 22, 1824]
2019	03	17	20	39	23	Aewheros	K9us	Prismarine Shard	0.0	0.0	64	world	[-2749, 22, 1824]
2019	03	17	20	39	24	Aewheros	K9us	Prismarine Shard	0.0	0.0	64	world	[-2749, 22, 1824]
2019	03	17	20	39	25	Aewheros	K9us	Prismarine Shard	0.0	0.0	64	world	[-2749, 22, 1824]
2019	03	17	20	39	25	Aewheros	K9us	Prismarine Shard	0.0	0.0	64	world	[-2749, 22, 1824]
2019	03	17	20	39	26	Aewheros	K9us	Prismarine Shard	0.0	0.0	64	world	[-2749, 22, 1824]
2019	03	17	20	39	26	Aewheros	K9us	Prismarine Shard	0.0	0.0	64	world	[-2749, 22, 1824]
2019	03	17	20	39	27	Aewheros	K9us	Prismarine Shard	0.0	0.0	60	world	[-2749, 22, 1824]
2019	03	17	20	39	35	Aewheros	K9us	Prismarine Shard	0.0	0.0	64	world	[-2749, 22, 1824]
2019	03	17	20	39	36	Aewheros	K9us	Prismarine Shard	0.0	0.0	64	world	[-2749, 22, 1824]
2019	03	17	20	39	36	Aewheros	K9us	Prismarine Shard	0.0	0.0	64	world	[-2749, 22, 1824]
2019	03	17	20	39	37	Aewheros	K9us	Prismarine Shard	0.0	0.0	64	world	[-2749, 22, 1824]
2019	03	17	20	39	37	Aewheros	K9us	Prismarine Shard	0.0	0.0	64	world	[-2749, 22, 1824]
2019	03	17	20	39	38	Aewheros	K9us	Prismarine Shard	0.0	0.0	64	world	[-2749, 22, 1824]
2019	03	17	20	39	39	Aewheros	K9us	Prismarine Shard	0.0	0.0	64	world	[-2749, 22, 1824]
2019	03	17	20	39	39	Aewheros	K9us	Prismarine Shard	0.0	0.0	64	world	[-2749, 22, 1824]
2019	03	17	20	39	40	Aewheros	K9us	Prismarine Shard	0.0	0.0	64	world	[-2749, 22, 1824]
2019	03	17	20	39	40	Aewheros	K9us	Prismarine Shard	0.0	0.0	61	world	[-2749, 22, 1824]
2019	03	17	20	39	46	Aewheros	K9us	Prismarine Shard	0.0	0.0	64	world	[-2749, 22, 1824]
2019	03	17	20	39	47	Aewheros	K9us	Prismarine Shard	0.0	0.0	64	world	[-2749, 22, 1824]
2019	03	17	20	39	48	Aewheros	K9us	Prismarine Shard	0.0	0.0	64	world	[-2749, 22, 1824]
2019	03	17	20	39	48	Aewheros	K9us	Prismarine Shard	0.0	0.0	64	world	[-2749, 22, 1824]
2019	03	17	20	39	49	Aewheros	K9us	Prismarine Shard	0.0	0.0	64	world	[-2749, 22, 1824]
2019	03	17	20	39	49	Aewheros	K9us	Prismarine Shard	0.0	0.0	64	world	[-2749, 22, 1824]
2019	03	17	20	39	50	Aewheros	K9us	Prismarine Shard	0.0	0.0	64	world	[-2749, 22, 1824]
2019	03	17	20	39	51	Aewheros	K9us	Prismarine Shard	0.0	0.0	64	world	[-2749, 22, 1824]
2019	03	17	20	39	51	Aewheros	K9us	Prismarine Shard	0.0	0.0	63	world	[-2749, 22, 1824]
2019	03	17	20	39	57	Aewheros	K9us	Prismarine Shard	0.0	0.0	64	world	[-2749, 22, 1824]
2019	03	17	20	39	57	Aewheros	K9us	Prismarine Shard	0.0	0.0	64	world	[-2749, 22, 1824]
2019	03	17	20	39	58	Aewheros	K9us	Prismarine Shard	0.0	0.0	64	world	[-2749, 22, 1824]
2019	03	17	20	39	58	Aewheros	K9us	Prismarine Shard	0.0	0.0	64	world	[-2749, 22, 1824]
2019	03	17	20	39	59	Aewheros	K9us	Prismarine Shard	0.0	0.0	64	world	[-2749, 22, 1824]
2019	03	17	20	40	00	Aewheros	K9us	Prismarine Shard	0.0	0.0	64	world	[-2749, 22, 1824]
2019	03	17	20	40	00	Aewheros	K9us	Prismarine Shard	0.0	0.0	64	world	[-2749, 22, 1824]
2019	03	17	20	40	01	Aewheros	K9us	Prismarine Shard	0.0	0.0	33	world	[-2749, 22, 1824]
2019	03	17	20	40	01	Aewheros	K9us	Prismarine Shard	0.0	0.0	1	world	[-2749, 22, 1824]
2019	03	17	20	40	06	Aewheros	K9us	Prismarine Shard	0.0	0.0	12	world	[-2749, 22, 1824]
2019	03	17	20	40	06	Aewheros	K9us	Prismarine Shard	0.0	0.0	1	world	[-2749, 22, 1824]
2019	03	17	20	40	07	Aewheros	K9us	Prismarine Shard	0.0	0.0	2	world	[-2749, 22, 1824]
2019	03	17	20	40	08	Aewheros	K9us	Prismarine Shard	0.0	0.0	64	world	[-2750, 22, 1824]
2019	03	17	20	40	08	Aewheros	K9us	Prismarine Shard	0.0	0.0	64	world	[-2750, 22, 1824]
2019	03	17	20	40	09	Aewheros	K9us	Prismarine Shard	0.0	0.0	64	world	[-2750, 22, 1824]
2019	03	17	20	40	09	Aewheros	K9us	Prismarine Shard	0.0	0.0	64	world	[-2750, 22, 1824]
2019	03	17	20	40	10	Aewheros	K9us	Prismarine Shard	0.0	0.0	64	world	[-2750, 22, 1824]
2019	03	17	20	40	11	Aewheros	K9us	Prismarine Shard	0.0	0.0	64	world	[-2750, 22, 1824]
2019	03	17	20	40	11	Aewheros	K9us	Prismarine Shard	0.0	0.0	44	world	[-2750, 22, 1824]
2019	03	17	20	40	17	Aewheros	K9us	Prismarine Shard	0.0	0.0	64	world	[-2748, 22, 1824]
2019	03	17	20	40	17	Aewheros	K9us	Prismarine Shard	0.0	0.0	64	world	[-2748, 22, 1824]
2019	03	17	20	40	18	Aewheros	K9us	Prismarine Shard	0.0	0.0	64	world	[-2748, 22, 1824]
2019	03	17	20	40	19	Aewheros	K9us	Prismarine Shard	0.0	0.0	64	world	[-2748, 22, 1824]
2019	03	17	20	40	19	Aewheros	K9us	Prismarine Shard	0.0	0.0	64	world	[-2748, 22, 1824]
2019	03	17	20	40	20	Aewheros	K9us	Prismarine Shard	0.0	0.0	64	world	[-2748, 22, 1824]
2019	03	17	20	40	21	Aewheros	K9us	Prismarine Shard	0.0	0.0	57	world	[-2748, 22, 1824]
2019	03	17	20	40	31	Aewheros	K9us	Prismarine Shard	0.0	0.0	64	world	[-2748, 22, 1824]
2019	03	17	20	40	31	Aewheros	K9us	Prismarine Shard	0.0	0.0	64	world	[-2748, 22, 1824]
2019	03	17	20	40	32	Aewheros	K9us	Prismarine Shard	0.0	0.0	64	world	[-2748, 22, 1824]
2019	03	17	20	40	32	Aewheros	K9us	Prismarine Shard	0.0	0.0	64	world	[-2748, 22, 1824]
2019	03	17	20	40	33	Aewheros	K9us	Prismarine Shard	0.0	0.0	64	world	[-2748, 22, 1824]
2019	03	17	20	40	34	Aewheros	K9us	Prismarine Shard	0.0	0.0	64	world	[-2748, 22, 1824]
2019	03	17	20	40	34	Aewheros	K9us	Prismarine Shard	0.0	0.0	64	world	[-2748, 22, 1824]
2019	03	17	20	40	35	Aewheros	K9us	Prismarine Shard	0.0	0.0	64	world	[-2748, 22, 1824]
2019	03	17	20	40	36	Aewheros	K9us	Prismarine Shard	0.0	0.0	64	world	[-2748, 22, 1824]
2019	03	17	20	40	36	Aewheros	K9us	Prismarine Shard	0.0	0.0	64	world	[-2748, 22, 1824]
2019	03	17	20	40	37	Aewheros	K9us	Prismarine Shard	0.0	0.0	64	world	[-2748, 22, 1824]
2019	03	17	20	40	37	Aewheros	K9us	Prismarine Shard	0.0	0.0	64	world	[-2748, 22, 1824]
2019	03	17	20	40	38	Aewheros	K9us	Prismarine Shard	0.0	0.0	33	world	[-2749, 22, 1824]
2019	03	17	20	40	39	Aewheros	K9us	Prismarine Shard	0.0	0.0	64	world	[-2750, 22, 1824]
2019	03	17	20	40	39	Aewheros	K9us	Prismarine Shard	0.0	0.0	64	world	[-2750, 22, 1824]
2019	03	17	20	40	49	Aewheros	K9us	Prismarine Shard	0.0	0.0	64	world	[-2746, 22, 1824]
2019	03	17	20	40	50	Aewheros	K9us	Prismarine Shard	0.0	0.0	64	world	[-2746, 22, 1824]
2019	03	17	20	40	52	Aewheros	K9us	Prismarine Shard	0.0	0.0	64	world	[-2748, 22, 1824]
2019	03	17	20	40	53	Aewheros	K9us	Prismarine Shard	0.0	0.0	64	world	[-2748, 22, 1824]
2019	03	17	20	40	53	Aewheros	K9us	Prismarine Shard	0.0	0.0	64	world	[-2748, 22, 1824]
2019	03	17	20	40	54	Aewheros	K9us	Prismarine Shard	0.0	0.0	64	world	[-2748, 22, 1824]
2019	03	17	20	40	54	Aewheros	K9us	Prismarine Shard	0.0	0.0	64	world	[-2748, 22, 1824]
2019	03	17	20	40	55	Aewheros	K9us	Prismarine Shard	0.0	0.0	64	world	[-2748, 22, 1824]
2019	03	17	20	40	56	Aewheros	K9us	Prismarine Shard	0.0	0.0	64	world	[-2748, 22, 1824]
2019	03	17	20	40	56	Aewheros	K9us	Prismarine Shard	0.0	0.0	64	world	[-2748, 22, 1824]
2019	03	17	20	40	57	Aewheros	K9us	Prismarine Shard	0.0	0.0	64	world	[-2748, 22, 1824]
2019	03	17	20	40	58	Aewheros	K9us	Prismarine Shard	0.0	0.0	64	world	[-2748, 22, 1824]
2019	03	17	20	40	58	Aewheros	K9us	Prismarine Shard	0.0	0.0	21	world	[-2749, 22, 1824]
2019	03	17	20	41	05	Aewheros	K9us	Prismarine Shard	0.0	0.0	64	world	[-2748, 22, 1824]
2019	03	17	20	41	05	Aewheros	K9us	Prismarine Shard	0.0	0.0	64	world	[-2748, 22, 1824]
2019	03	17	20	41	06	Aewheros	K9us	Prismarine Shard	0.0	0.0	64	world	[-2748, 22, 1824]
2019	03	17	20	41	06	Aewheros	K9us	Prismarine Shard	0.0	0.0	64	world	[-2748, 22, 1824]
2019	03	17	20	41	07	Aewheros	K9us	Prismarine Shard	0.0	0.0	64	world	[-2748, 22, 1824]
2019	03	17	20	41	07	Aewheros	K9us	Prismarine Shard	0.0	0.0	64	world	[-2748, 22, 1824]
2019	03	17	20	41	08	Aewheros	K9us	Prismarine Shard	0.0	0.0	64	world	[-2748, 22, 1824]
2019	03	17	20	41	09	Aewheros	K9us	Prismarine Shard	0.0	0.0	64	world	[-2748, 22, 1824]
2019	03	17	20	41	22	Aewheros	K9us	Prismarine Shard	0.0	0.0	64	world	[-2748, 22, 1824]
2019	03	17	20	41	23	Aewheros	K9us	Prismarine Shard	0.0	0.0	64	world	[-2748, 22, 1824]
2019	03	17	20	41	23	Aewheros	K9us	Prismarine Shard	0.0	0.0	64	world	[-2748, 22, 1824]
2019	03	17	20	41	24	Aewheros	K9us	Prismarine Shard	0.0	0.0	64	world	[-2748, 22, 1824]
2019	03	17	20	41	24	Aewheros	K9us	Prismarine Shard	0.0	0.0	58	world	[-2748, 22, 1824]
2019	03	17	20	41	38	Aewheros	K9us	Prismarine Shard	0.0	0.0	64	world	[-2748, 22, 1824]
2019	03	17	20	41	39	Aewheros	K9us	Prismarine Shard	0.0	0.0	64	world	[-2748, 22, 1824]
2019	03	17	20	41	39	Aewheros	K9us	Prismarine Shard	0.0	0.0	64	world	[-2748, 22, 1824]
2019	03	17	20	41	40	Aewheros	K9us	Prismarine Shard	0.0	0.0	64	world	[-2748, 22, 1824]
2019	03	17	20	41	41	Aewheros	K9us	Prismarine Shard	0.0	0.0	64	world	[-2748, 22, 1824]
2019	03	17	20	41	41	Aewheros	K9us	Prismarine Shard	0.0	0.0	64	world	[-2748, 22, 1824]
2019	03	17	20	41	42	Aewheros	K9us	Prismarine Shard	0.0	0.0	64	world	[-2748, 22, 1824]
2019	03	17	20	41	42	Aewheros	K9us	Prismarine Shard	0.0	0.0	64	world	[-2748, 22, 1824]
2019	03	17	20	41	43	Aewheros	K9us	Prismarine Shard	0.0	0.0	64	world	[-2748, 22, 1824]
2019	03	17	20	41	44	Aewheros	K9us	Prismarine Shard	0.0	0.0	64	world	[-2748, 22, 1824]
2019	03	17	20	41	44	Aewheros	K9us	Prismarine Shard	0.0	0.0	64	world	[-2748, 22, 1824]
2019	03	17	20	41	45	Aewheros	K9us	Prismarine Shard	0.0	0.0	64	world	[-2748, 22, 1824]
2019	03	17	20	41	45	Aewheros	K9us	Prismarine Shard	0.0	0.0	64	world	[-2748, 22, 1824]
2019	03	17	20	41	46	Aewheros	K9us	Prismarine Shard	0.0	0.0	41	world	[-2748, 22, 1824]
2019	03	17	20	41	55	Aewheros	K9us	Prismarine Shard	0.0	0.0	53	world	[-2749, 22, 1824]
2019	03	17	20	41	56	Aewheros	K9us	Prismarine Shard	0.0	0.0	64	world	[-2750, 22, 1824]
2019	03	17	20	41	57	Aewheros	K9us	Prismarine Shard	0.0	0.0	64	world	[-2750, 22, 1824]
2019	03	17	20	41	58	Aewheros	K9us	Prismarine Shard	0.0	0.0	64	world	[-2750, 22, 1824]
2019	03	17	20	41	58	Aewheros	K9us	Prismarine Shard	0.0	0.0	64	world	[-2750, 22, 1824]
2019	03	17	20	41	59	Aewheros	K9us	Prismarine Shard	0.0	0.0	64	world	[-2750, 22, 1824]
2019	03	17	20	41	59	Aewheros	K9us	Prismarine Shard	0.0	0.0	64	world	[-2750, 22, 1824]
2019	03	17	20	42	00	Aewheros	K9us	Prismarine Shard	0.0	0.0	64	world	[-2750, 22, 1824]
2019	03	17	20	42	01	Aewheros	K9us	Prismarine Shard	0.0	0.0	64	world	[-2750, 22, 1824]
2019	03	17	20	42	01	Aewheros	K9us	Prismarine Shard	0.0	0.0	64	world	[-2750, 22, 1824]
2019	03	17	20	42	02	Aewheros	K9us	Prismarine Shard	0.0	0.0	64	world	[-2750, 22, 1824]
2019	03	17	20	42	02	Aewheros	K9us	Prismarine Shard	0.0	0.0	64	world	[-2750, 22, 1824]
2019	03	17	20	42	03	Aewheros	K9us	Prismarine Shard	0.0	0.0	64	world	[-2750, 22, 1824]
2019	03	17	20	42	04	Aewheros	K9us	Prismarine Shard	0.0	0.0	7	world	[-2750, 22, 1824]
2019	03	17	20	42	12	Aewheros	K9us	Prismarine Shard	0.0	0.0	64	world	[-2750, 22, 1824]
2019	03	17	20	42	12	Aewheros	K9us	Prismarine Shard	0.0	0.0	64	world	[-2750, 22, 1824]
2019	03	17	20	42	13	Aewheros	K9us	Prismarine Shard	0.0	0.0	64	world	[-2750, 22, 1824]
2019	03	17	20	42	14	Aewheros	K9us	Prismarine Shard	0.0	0.0	64	world	[-2750, 22, 1824]
2019	03	17	20	42	14	Aewheros	K9us	Prismarine Shard	0.0	0.0	64	world	[-2750, 22, 1824]
2019	03	17	20	42	15	Aewheros	K9us	Prismarine Shard	0.0	0.0	64	world	[-2750, 22, 1824]
2019	03	17	20	42	15	Aewheros	K9us	Prismarine Shard	0.0	0.0	64	world	[-2750, 22, 1824]
2019	03	17	20	42	16	Aewheros	K9us	Prismarine Shard	0.0	0.0	64	world	[-2750, 22, 1824]
2019	03	17	20	42	17	Aewheros	K9us	Prismarine Shard	0.0	0.0	64	world	[-2750, 22, 1824]
2019	03	17	20	42	17	Aewheros	K9us	Prismarine Shard	0.0	0.0	64	world	[-2750, 22, 1824]
2019	03	17	20	42	18	Aewheros	K9us	Prismarine Shard	0.0	0.0	64	world	[-2750, 22, 1824]
2019	03	17	20	42	18	Aewheros	K9us	Prismarine Shard	0.0	0.0	60	world	[-2750, 22, 1824]
2019	03	17	20	42	27	Aewheros	K9us	Prismarine Shard	0.0	0.0	64	world	[-2746, 22, 1824]
2019	03	17	20	42	28	Aewheros	K9us	Prismarine Shard	0.0	0.0	64	world	[-2746, 22, 1824]
2019	03	17	20	42	28	Aewheros	K9us	Prismarine Shard	0.0	0.0	64	world	[-2746, 22, 1824]
2019	03	17	20	42	29	Aewheros	K9us	Prismarine Shard	0.0	0.0	64	world	[-2746, 22, 1824]
2019	03	17	20	42	29	Aewheros	K9us	Prismarine Shard	0.0	0.0	64	world	[-2746, 22, 1824]
2019	03	17	20	42	30	Aewheros	K9us	Prismarine Shard	0.0	0.0	64	world	[-2746, 22, 1824]
2019	03	17	20	42	31	Aewheros	K9us	Prismarine Shard	0.0	0.0	64	world	[-2746, 22, 1824]
2019	03	17	20	42	31	Aewheros	K9us	Prismarine Shard	0.0	0.0	64	world	[-2746, 22, 1824]
2019	03	17	20	42	32	Aewheros	K9us	Prismarine Shard	0.0	0.0	64	world	[-2746, 22, 1824]
2019	03	17	20	42	32	Aewheros	K9us	Prismarine Shard	0.0	0.0	61	world	[-2746, 22, 1824]
2019	03	17	20	42	42	Aewheros	K9us	Prismarine Shard	0.0	0.0	64	world	[-2746, 22, 1824]
2019	03	17	20	42	43	Aewheros	K9us	Prismarine Shard	0.0	0.0	64	world	[-2746, 22, 1824]
2019	03	17	20	42	43	Aewheros	K9us	Prismarine Shard	0.0	0.0	64	world	[-2746, 22, 1824]
2019	03	17	20	42	44	Aewheros	K9us	Prismarine Shard	0.0	0.0	64	world	[-2746, 22, 1824]
2019	03	17	20	42	45	Aewheros	K9us	Prismarine Shard	0.0	0.0	64	world	[-2746, 22, 1824]
2019	03	17	20	42	45	Aewheros	K9us	Prismarine Shard	0.0	0.0	64	world	[-2746, 22, 1824]
2019	03	17	20	42	46	Aewheros	K9us	Prismarine Shard	0.0	0.0	64	world	[-2746, 22, 1824]
2019	03	17	20	42	46	Aewheros	K9us	Prismarine Shard	0.0	0.0	64	world	[-2746, 22, 1824]
2019	03	17	20	42	47	Aewheros	K9us	Prismarine Shard	0.0	0.0	64	world	[-2746, 22, 1824]
2019	03	17	20	42	48	Aewheros	K9us	Prismarine Shard	0.0	0.0	64	world	[-2746, 22, 1824]
2019	03	17	20	42	48	Aewheros	K9us	Prismarine Shard	0.0	0.0	64	world	[-2746, 22, 1824]
2019	03	17	20	42	49	Aewheros	K9us	Prismarine Shard	0.0	0.0	64	world	[-2746, 22, 1824]
2019	03	17	20	42	49	Aewheros	K9us	Prismarine Shard	0.0	0.0	64	world	[-2746, 22, 1824]
2019	03	17	20	42	56	Aewheros	K9us	Prismarine Shard	0.0	0.0	64	world	[-2746, 22, 1824]
2019	03	17	20	42	56	Aewheros	K9us	Prismarine Shard	0.0	0.0	64	world	[-2746, 22, 1824]
2019	03	17	20	42	57	Aewheros	K9us	Prismarine Shard	0.0	0.0	64	world	[-2746, 22, 1824]
2019	03	17	20	42	58	Aewheros	K9us	Prismarine Shard	0.0	0.0	64	world	[-2746, 22, 1824]
2019	03	17	20	42	58	Aewheros	K9us	Prismarine Shard	0.0	0.0	64	world	[-2746, 22, 1824]
2019	03	17	20	42	59	Aewheros	K9us	Prismarine Shard	0.0	0.0	64	world	[-2746, 22, 1824]
2019	03	17	20	42	59	Aewheros	K9us	Prismarine Shard	0.0	0.0	64	world	[-2746, 22, 1824]
2019	03	17	20	43	00	Aewheros	K9us	Prismarine Shard	0.0	0.0	64	world	[-2746, 22, 1824]
2019	03	17	20	43	01	Aewheros	K9us	Prismarine Shard	0.0	0.0	64	world	[-2746, 22, 1824]
2019	03	17	20	43	01	Aewheros	K9us	Prismarine Shard	0.0	0.0	64	world	[-2746, 22, 1824]
2019	03	17	20	43	02	Aewheros	K9us	Prismarine Shard	0.0	0.0	64	world	[-2746, 22, 1824]
2019	03	17	20	43	02	Aewheros	K9us	Prismarine Shard	0.0	0.0	64	world	[-2746, 22, 1824]
2019	03	17	20	43	08	Aewheros	K9us	Prismarine Shard	0.0	0.0	64	world	[-2746, 22, 1824]
2019	03	17	20	43	09	Aewheros	K9us	Prismarine Shard	0.0	0.0	64	world	[-2746, 22, 1824]
2019	03	17	20	43	09	Aewheros	K9us	Prismarine Shard	0.0	0.0	64	world	[-2746, 22, 1824]
2019	03	17	20	43	10	Aewheros	K9us	Prismarine Shard	0.0	0.0	64	world	[-2746, 22, 1824]
2019	03	17	20	43	10	Aewheros	K9us	Prismarine Shard	0.0	0.0	64	world	[-2746, 22, 1824]
2019	03	17	20	43	11	Aewheros	K9us	Prismarine Shard	0.0	0.0	64	world	[-2746, 22, 1824]
2019	03	17	20	43	12	Aewheros	K9us	Prismarine Shard	0.0	0.0	64	world	[-2746, 22, 1824]
2019	03	17	20	43	12	Aewheros	K9us	Prismarine Shard	0.0	0.0	64	world	[-2746, 22, 1824]
2019	03	17	20	43	13	Aewheros	K9us	Prismarine Shard	0.0	0.0	64	world	[-2746, 22, 1824]
2019	03	17	20	43	14	Aewheros	K9us	Prismarine Shard	0.0	0.0	64	world	[-2746, 22, 1824]
2019	03	17	20	43	14	Aewheros	K9us	Prismarine Shard	0.0	0.0	64	world	[-2746, 22, 1824]
2019	03	17	20	43	15	Aewheros	K9us	Prismarine Shard	0.0	0.0	44	world	[-2746, 22, 1824]
2019	03	17	20	43	43	Aewheros	K9us	Prismarine Shard	0.0	0.0	64	world	[-2749, 22, 1824]
2019	03	17	20	43	44	Aewheros	K9us	Prismarine Shard	0.0	0.0	64	world	[-2749, 22, 1824]
2019	03	17	20	43	44	Aewheros	K9us	Prismarine Shard	0.0	0.0	53	world	[-2749, 22, 1824]
2019	03	17	20	43	45	Aewheros	K9us	Prismarine Shard	0.0	0.0	2	world	[-2749, 22, 1824]
2019	03	17	20	43	45	Aewheros	K9us	Prismarine Shard	0.0	0.0	1	world	[-2749, 22, 1824]
2019	03	17	20	43	46	Aewheros	K9us	Prismarine Shard	0.0	0.0	64	world	[-2750, 22, 1824]
2019	03	17	20	43	47	Aewheros	K9us	Prismarine Shard	0.0	0.0	64	world	[-2750, 22, 1824]
2019	03	17	20	43	47	Aewheros	K9us	Prismarine Shard	0.0	0.0	64	world	[-2750, 22, 1824]
2019	03	17	20	43	48	Aewheros	K9us	Prismarine Shard	0.0	0.0	64	world	[-2750, 22, 1824]
2019	03	17	20	43	48	Aewheros	K9us	Prismarine Shard	0.0	0.0	64	world	[-2750, 22, 1824]
2019	03	17	20	43	49	Aewheros	K9us	Prismarine Shard	0.0	0.0	64	world	[-2750, 22, 1824]
2019	03	17	20	43	50	Aewheros	K9us	Prismarine Shard	0.0	0.0	8	world	[-2750, 22, 1824]
2019	03	17	20	44	11	Aewheros	K9us	Prismarine Shard	0.0	0.0	1	world	[-2749, 22, 1824]
2019	03	17	20	44	12	Aewheros	K9us	Prismarine Shard	0.0	0.0	64	world	[-2750, 22, 1824]
2019	03	17	20	44	13	Aewheros	K9us	Prismarine Shard	0.0	0.0	64	world	[-2750, 22, 1824]
2019	03	17	20	44	14	Aewheros	K9us	Prismarine Shard	0.0	0.0	64	world	[-2750, 22, 1824]
2019	03	17	20	44	14	Aewheros	K9us	Prismarine Shard	0.0	0.0	64	world	[-2750, 22, 1824]
2019	03	17	20	44	15	Aewheros	K9us	Prismarine Shard	0.0	0.0	64	world	[-2750, 22, 1824]
2019	03	17	20	44	15	Aewheros	K9us	Prismarine Shard	0.0	0.0	64	world	[-2750, 22, 1824]
2019	03	17	20	44	16	Aewheros	K9us	Prismarine Shard	0.0	0.0	64	world	[-2750, 22, 1824]
2019	03	17	20	44	16	Aewheros	K9us	Prismarine Shard	0.0	0.0	64	world	[-2750, 22, 1824]
2019	03	17	20	44	17	Aewheros	K9us	Prismarine Shard	0.0	0.0	64	world	[-2750, 22, 1824]
2019	03	17	20	44	18	Aewheros	K9us	Prismarine Shard	0.0	0.0	64	world	[-2750, 22, 1824]
2019	03	17	20	44	18	Aewheros	K9us	Prismarine Shard	0.0	0.0	55	world	[-2750, 22, 1824]
2019	03	17	20	44	24	Aewheros	K9us	Prismarine Shard	0.0	0.0	64	world	[-2750, 22, 1824]
2019	03	17	20	44	25	Aewheros	K9us	Prismarine Shard	0.0	0.0	64	world	[-2750, 22, 1824]
2019	03	17	20	44	25	Aewheros	K9us	Prismarine Shard	0.0	0.0	64	world	[-2750, 22, 1824]
2019	03	17	20	44	26	Aewheros	K9us	Prismarine Shard	0.0	0.0	64	world	[-2750, 22, 1824]
2019	03	17	20	44	27	Aewheros	K9us	Prismarine Shard	0.0	0.0	64	world	[-2750, 22, 1824]
2019	03	17	20	44	27	Aewheros	K9us	Prismarine Shard	0.0	0.0	64	world	[-2750, 22, 1824]
2019	03	17	20	44	28	Aewheros	K9us	Prismarine Shard	0.0	0.0	64	world	[-2750, 22, 1824]
2019	03	17	20	44	29	Aewheros	K9us	Prismarine Shard	0.0	0.0	64	world	[-2750, 22, 1824]
2019	03	17	20	44	29	Aewheros	K9us	Prismarine Shard	0.0	0.0	64	world	[-2750, 22, 1824]
2019	03	17	20	44	30	Aewheros	K9us	Prismarine Shard	0.0	0.0	62	world	[-2750, 22, 1824]
2019	03	17	20	44	36	Aewheros	K9us	Prismarine Shard	0.0	0.0	64	world	[-2750, 22, 1824]
2019	03	17	20	44	36	Aewheros	K9us	Prismarine Shard	0.0	0.0	64	world	[-2750, 22, 1824]
2019	03	17	20	44	37	Aewheros	K9us	Prismarine Shard	0.0	0.0	64	world	[-2750, 22, 1824]
2019	03	17	20	44	37	Aewheros	K9us	Prismarine Shard	0.0	0.0	64	world	[-2750, 22, 1824]
2019	03	17	20	44	38	Aewheros	K9us	Prismarine Shard	0.0	0.0	16	world	[-2750, 22, 1824]
2019	03	17	20	44	39	Aewheros	K9us	Prismarine Shard	0.0	0.0	2	world	[-2750, 22, 1824]
2019	03	17	20	44	43	Aewheros	K9us	Prismarine Shard	0.0	0.0	64	world	[-2749, 22, 1824]
2019	03	17	20	44	44	Aewheros	K9us	Prismarine Shard	0.0	0.0	31	world	[-2749, 22, 1824]
2019	03	17	20	44	44	Aewheros	K9us	Prismarine Shard	0.0	0.0	1	world	[-2749, 22, 1824]
2019	03	17	20	44	45	Aewheros	K9us	Prismarine Shard	0.0	0.0	16	world	[-2750, 22, 1824]
2019	03	17	20	44	46	Aewheros	K9us	Prismarine Shard	0.0	0.0	1	world	[-2750, 22, 1824]
2019	03	17	20	44	59	Aewheros	K9us	Prismarine Shard	0.0	0.0	17	world	[-2750, 22, 1824]
2019	03	17	20	44	59	Aewheros	K9us	Prismarine Shard	0.0	0.0	2	world	[-2750, 22, 1824]
2019	03	17	20	45	01	Aewheros	K9us	Prismarine Shard	0.0	0.0	38	world	[-2746, 22, 1824]
2019	03	17	20	45	02	Aewheros	K9us	Prismarine Shard	0.0	0.0	64	world	[-2748, 22, 1824]
2019	03	17	20	45	03	Aewheros	K9us	Prismarine Shard	0.0	0.0	44	world	[-2748, 22, 1824]
2019	03	17	20	45	05	Aewheros	K9us	Prismarine Shard	0.0	0.0	1	world	[-2749, 22, 1824]
2019	03	17	20	45	19	Aewheros	K9us	Prismarine Shard	0.0	0.0	1	world	[-2749, 22, 1824]
2019	03	17	20	45	20	Aewheros	K9us	Prismarine Shard	0.0	0.0	37	world	[-2749, 22, 1824]
2019	03	17	20	45	21	Aewheros	K9us	Prismarine Shard	0.0	0.0	54	world	[-2750, 22, 1824]
2019	03	17	20	45	21	Aewheros	K9us	Prismarine Shard	0.0	0.0	3	world	[-2749, 22, 1824]
2019	03	17	20	45	22	Aewheros	K9us	Prismarine Shard	0.0	0.0	23	world	[-2748, 22, 1824]
2019	03	17	20	45	23	Aewheros	K9us	Prismarine Shard	0.0	0.0	15	world	[-2746, 22, 1824]
2019	03	17	20	45	33	Aewheros	K9us	Prismarine Shard	0.0	0.0	26	world	[-2749, 22, 1824]
2019	03	17	20	45	34	Aewheros	K9us	Prismarine Shard	0.0	0.0	1	world	[-2749, 22, 1824]
2019	03	17	20	45	34	Aewheros	K9us	Prismarine Shard	0.0	0.0	2	world	[-2749, 22, 1824]
2019	03	17	20	45	35	Aewheros	K9us	Prismarine Shard	0.0	0.0	36	world	[-2750, 22, 1824]
2019	03	17	20	45	36	Aewheros	K9us	Prismarine Shard	0.0	0.0	1	world	[-2750, 22, 1824]
2019	04	01	08	03	46	frozenhammerz	K9us	Prismarine Shard	0.0	0.0	64	world	[-2748, 22, 1824]
2019	04	01	08	03	55	frozenhammerz	K9us	Prismarine Shard	0.0	0.0	64	world	[-2749, 22, 1824]
2019	04	01	08	04	11	frozenhammerz	K9us	Prismarine Shard	0.0	0.0	64	world	[-2749, 22, 1824]
2019	04	01	08	04	11	frozenhammerz	K9us	Prismarine Shard	0.0	0.0	64	world	[-2749, 22, 1824]
2019	04	01	08	04	12	frozenhammerz	K9us	Prismarine Shard	0.0	0.0	64	world	[-2749, 22, 1824]
2019	04	01	08	04	13	frozenhammerz	K9us	Prismarine Shard	0.0	0.0	64	world	[-2749, 22, 1824]
2019	04	01	08	04	13	frozenhammerz	K9us	Prismarine Shard	0.0	0.0	64	world	[-2749, 22, 1824]
2019	04	01	08	04	14	frozenhammerz	K9us	Prismarine Shard	0.0	0.0	64	world	[-2749, 22, 1824]
2019	04	01	08	04	14	frozenhammerz	K9us	Prismarine Shard	0.0	0.0	64	world	[-2749, 22, 1824]
2019	04	01	08	04	15	frozenhammerz	K9us	Prismarine Shard	0.0	0.0	64	world	[-2749, 22, 1824]
2019	04	01	08	04	16	frozenhammerz	K9us	Prismarine Shard	0.0	0.0	64	world	[-2749, 22, 1824]
2019	04	01	08	04	22	frozenhammerz	K9us	Prismarine Shard	0.0	0.0	64	world	[-2749, 22, 1824]
2019	04	01	08	04	23	frozenhammerz	K9us	Prismarine Shard	0.0	0.0	64	world	[-2749, 22, 1824]
2019	04	01	08	04	23	frozenhammerz	K9us	Prismarine Shard	0.0	0.0	64	world	[-2749, 22, 1824]
2019	04	01	08	04	24	frozenhammerz	K9us	Prismarine Shard	0.0	0.0	64	world	[-2749, 22, 1824]
2019	04	01	08	04	25	frozenhammerz	K9us	Prismarine Shard	0.0	0.0	64	world	[-2749, 22, 1824]
2019	04	01	08	04	25	frozenhammerz	K9us	Prismarine Shard	0.0	0.0	64	world	[-2749, 22, 1824]
2019	04	01	08	04	26	frozenhammerz	K9us	Prismarine Shard	0.0	0.0	64	world	[-2749, 22, 1824]
2019	04	01	08	04	26	frozenhammerz	K9us	Prismarine Shard	0.0	0.0	64	world	[-2749, 22, 1824]
2019	04	01	08	04	32	frozenhammerz	K9us	Prismarine Shard	0.0	0.0	64	world	[-2750, 22, 1824]
2019	04	01	08	04	33	frozenhammerz	K9us	Prismarine Shard	0.0	0.0	64	world	[-2750, 22, 1824]
2019	04	01	08	04	34	frozenhammerz	K9us	Prismarine Shard	0.0	0.0	64	world	[-2750, 22, 1824]
2019	04	01	08	04	34	frozenhammerz	K9us	Prismarine Shard	0.0	0.0	64	world	[-2750, 22, 1824]
2019	04	01	08	04	35	frozenhammerz	K9us	Prismarine Shard	0.0	0.0	64	world	[-2750, 22, 1824]
2019	04	01	08	04	35	frozenhammerz	K9us	Prismarine Shard	0.0	0.0	64	world	[-2750, 22, 1824]
2019	04	01	08	04	36	frozenhammerz	K9us	Prismarine Shard	0.0	0.0	56	world	[-2750, 22, 1824]
2019	04	01	08	04	42	frozenhammerz	K9us	Prismarine Shard	0.0	0.0	64	world	[-2749, 22, 1824]
2019	04	01	08	04	42	frozenhammerz	K9us	Prismarine Shard	0.0	0.0	64	world	[-2749, 22, 1824]
2019	04	01	08	04	43	frozenhammerz	K9us	Prismarine Shard	0.0	0.0	64	world	[-2749, 22, 1824]
2019	04	01	08	04	43	frozenhammerz	K9us	Prismarine Shard	0.0	0.0	12	world	[-2749, 22, 1824]
2019	04	01	08	04	46	frozenhammerz	K9us	Prismarine Shard	0.0	0.0	64	world	[-2750, 22, 1824]
2019	04	01	08	04	48	frozenhammerz	K9us	Prismarine Shard	0.0	0.0	64	world	[-2750, 22, 1824]
2019	04	01	08	04	49	frozenhammerz	K9us	Prismarine Shard	0.0	0.0	64	world	[-2750, 22, 1824]
2019	04	01	08	04	49	frozenhammerz	K9us	Prismarine Shard	0.0	0.0	45	world	[-2750, 22, 1824]
2019	04	01	08	04	59	frozenhammerz	K9us	Prismarine Shard	0.0	0.0	64	world	[-2748, 22, 1824]
2019	04	01	08	05	00	frozenhammerz	K9us	Prismarine Shard	0.0	0.0	64	world	[-2748, 22, 1824]
2019	04	01	08	05	00	frozenhammerz	K9us	Prismarine Shard	0.0	0.0	64	world	[-2748, 22, 1824]
2019	04	01	08	05	01	frozenhammerz	K9us	Prismarine Shard	0.0	0.0	64	world	[-2748, 22, 1824]
2019	04	01	08	05	02	frozenhammerz	K9us	Prismarine Shard	0.0	0.0	64	world	[-2748, 22, 1824]
2019	04	01	08	05	02	frozenhammerz	K9us	Prismarine Shard	0.0	0.0	38	world	[-2748, 22, 1824]
2019	04	01	08	05	10	frozenhammerz	K9us	Prismarine Shard	2.0	128.0	64	world	[-2750, 21, 1824]
2019	04	01	08	05	10	frozenhammerz	K9us	Prismarine Shard	2.0	128.0	64	world	[-2750, 21, 1824]
2019	04	01	08	05	11	frozenhammerz	K9us	Prismarine Shard	2.0	128.0	64	world	[-2750, 21, 1824]
2019	04	01	08	05	12	frozenhammerz	K9us	Prismarine Shard	2.0	128.0	64	world	[-2750, 21, 1824]
2019	04	01	08	05	12	frozenhammerz	K9us	Prismarine Shard	2.0	128.0	64	world	[-2750, 21, 1824]
2019	04	01	08	05	13	frozenhammerz	K9us	Prismarine Shard	2.0	128.0	64	world	[-2750, 21, 1824]
2019	04	01	08	05	14	frozenhammerz	K9us	Prismarine Shard	2.0	128.0	64	world	[-2750, 21, 1824]
2019	04	01	08	05	14	frozenhammerz	K9us	Prismarine Shard	2.0	128.0	64	world	[-2750, 21, 1824]
2019	04	01	08	05	15	frozenhammerz	K9us	Prismarine Shard	2.0	118.0	59	world	[-2750, 21, 1824]
2019	04	07	16	28	53	magemagemege	Cardano_ff	Prismarine Shard	1.0	64.0	64	world	[-2507, 23, 2815]
2019	04	07	16	29	15	magemagemege	Cardano_ff	Prismarine Shard	1.0	64.0	64	world	[-2507, 23, 2815]
2019	04	07	16	29	16	magemagemege	Cardano_ff	Prismarine Shard	1.0	64.0	64	world	[-2507, 23, 2815]
2019	04	07	16	29	16	magemagemege	Cardano_ff	Prismarine Shard	1.0	64.0	64	world	[-2507, 23, 2815]
2019	04	07	16	29	18	magemagemege	Cardano_ff	Prismarine Shard	1.0	64.0	64	world	[-2507, 23, 2815]
2019	04	07	16	29	18	magemagemege	Cardano_ff	Prismarine Shard	1.0	64.0	64	world	[-2507, 23, 2815]
2019	04	07	16	29	21	magemagemege	Cardano_ff	Prismarine Shard	1.0	64.0	64	world	[-2507, 23, 2815]
2019	04	07	16	29	21	magemagemege	Cardano_ff	Prismarine Shard	1.0	64.0	64	world	[-2507, 23, 2815]
2019	04	07	16	29	22	magemagemege	Cardano_ff	Prismarine Shard	1.0	64.0	64	world	[-2507, 23, 2815]
2019	04	07	16	29	22	magemagemege	Cardano_ff	Prismarine Shard	1.0	64.0	64	world	[-2507, 23, 2815]
2019	04	07	16	29	23	magemagemege	Cardano_ff	Prismarine Shard	1.0	64.0	64	world	[-2507, 23, 2815]
2019	04	07	16	29	30	magemagemege	Cardano_ff	Prismarine Shard	1.0	64.0	64	world	[-2507, 23, 2815]
2019	04	07	16	29	30	magemagemege	Cardano_ff	Prismarine Shard	1.0	64.0	64	world	[-2507, 23, 2815]
2019	04	07	16	29	31	magemagemege	Cardano_ff	Prismarine Shard	1.0	64.0	64	world	[-2507, 23, 2815]
2019	04	07	16	29	31	magemagemege	Cardano_ff	Prismarine Shard	1.0	64.0	64	world	[-2507, 23, 2815]
2019	04	07	16	29	32	magemagemege	Cardano_ff	Prismarine Shard	1.0	64.0	64	world	[-2507, 23, 2815]
2019	04	07	16	29	33	magemagemege	Cardano_ff	Prismarine Shard	1.0	64.0	64	world	[-2507, 23, 2815]
2019	04	07	16	29	57	magemagemege	sharonclaws	Prismarine Shard	1.0	64.0	64	world	[-2506, 23, 2815]
2019	04	07	16	29	57	magemagemege	sharonclaws	Prismarine Shard	1.0	64.0	64	world	[-2506, 23, 2815]
2019	04	07	16	29	58	magemagemege	sharonclaws	Prismarine Shard	1.0	64.0	64	world	[-2506, 23, 2815]
2019	04	07	16	29	58	magemagemege	sharonclaws	Prismarine Shard	1.0	64.0	64	world	[-2506, 23, 2815]
2019	04	07	16	29	59	magemagemege	sharonclaws	Prismarine Shard	1.0	64.0	64	world	[-2506, 23, 2815]
2019	04	07	16	29	59	magemagemege	sharonclaws	Prismarine Shard	1.0	64.0	64	world	[-2506, 23, 2815]
2019	04	07	16	30	00	magemagemege	sharonclaws	Prismarine Shard	1.0	64.0	64	world	[-2506, 23, 2815]
2019	04	07	16	30	01	magemagemege	sharonclaws	Prismarine Shard	1.0	64.0	64	world	[-2506, 23, 2815]
2019	04	07	16	30	01	magemagemege	sharonclaws	Prismarine Shard	1.0	64.0	64	world	[-2506, 23, 2815]
2019	04	07	16	30	02	magemagemege	sharonclaws	Prismarine Shard	1.0	64.0	64	world	[-2506, 23, 2815]
2019	04	07	16	30	02	magemagemege	sharonclaws	Prismarine Shard	1.0	64.0	64	world	[-2506, 23, 2815]
2019	04	07	16	30	03	magemagemege	sharonclaws	Prismarine Shard	1.0	64.0	64	world	[-2506, 23, 2815]
2019	04	07	16	30	04	magemagemege	sharonclaws	Prismarine Shard	1.0	64.0	64	world	[-2506, 23, 2815]
2019	04	07	16	30	05	magemagemege	sharonclaws	Prismarine Shard	1.0	64.0	64	world	[-2506, 23, 2815]
2019	04	07	16	30	16	magemagemege	Cardano_ff	Prismarine Shard	1.0	64.0	64	world	[-2507, 23, 2815]
2019	04	07	16	30	17	magemagemege	Cardano_ff	Prismarine Shard	1.0	64.0	64	world	[-2507, 23, 2815]
2019	04	07	16	30	17	magemagemege	Cardano_ff	Prismarine Shard	1.0	64.0	64	world	[-2507, 23, 2815]
2019	04	07	16	30	18	magemagemege	Cardano_ff	Prismarine Shard	1.0	64.0	64	world	[-2507, 23, 2815]
2019	04	07	16	34	21	magemagemege	sharonclaws	Prismarine Shard	1.0	64.0	64	world	[-2506, 23, 2815]
2019	04	07	16	34	21	magemagemege	sharonclaws	Prismarine Shard	1.0	64.0	64	world	[-2506, 23, 2815]
2019	04	07	16	34	22	magemagemege	sharonclaws	Prismarine Shard	1.0	64.0	64	world	[-2506, 23, 2815]
2019	04	07	16	34	22	magemagemege	sharonclaws	Prismarine Shard	1.0	64.0	64	world	[-2506, 23, 2815]
2019	04	07	16	34	23	magemagemege	sharonclaws	Prismarine Shard	1.0	64.0	64	world	[-2506, 23, 2815]
2019	04	07	16	34	24	magemagemege	sharonclaws	Prismarine Shard	1.0	64.0	64	world	[-2506, 23, 2815]
2019	04	07	16	34	24	magemagemege	sharonclaws	Prismarine Shard	1.0	64.0	64	world	[-2506, 23, 2815]
2019	04	07	16	34	25	magemagemege	sharonclaws	Prismarine Shard	1.0	64.0	64	world	[-2506, 23, 2815]
2019	04	07	16	34	26	magemagemege	sharonclaws	Prismarine Shard	1.0	64.0	64	world	[-2506, 23, 2815]
2019	04	07	16	34	27	magemagemege	sharonclaws	Prismarine Shard	1.0	64.0	64	world	[-2506, 23, 2815]
2019	04	07	16	34	27	magemagemege	sharonclaws	Prismarine Shard	1.0	64.0	64	world	[-2506, 23, 2815]
2019	04	07	16	34	28	magemagemege	sharonclaws	Prismarine Shard	1.0	64.0	64	world	[-2506, 23, 2815]
2019	04	07	16	34	28	magemagemege	sharonclaws	Prismarine Shard	1.0	64.0	64	world	[-2506, 23, 2815]
2019	04	07	16	34	29	magemagemege	sharonclaws	Prismarine Shard	1.0	64.0	64	world	[-2506, 23, 2815]
2019	04	07	16	34	29	magemagemege	sharonclaws	Prismarine Shard	1.0	64.0	64	world	[-2506, 23, 2815]
2019	04	07	16	34	30	magemagemege	sharonclaws	Prismarine Shard	1.0	64.0	64	world	[-2506, 23, 2815]
2019	04	07	16	34	31	magemagemege	sharonclaws	Prismarine Shard	1.0	64.0	64	world	[-2506, 23, 2815]
2019	04	07	16	34	31	magemagemege	sharonclaws	Prismarine Shard	1.0	64.0	64	world	[-2506, 23, 2815]
2019	04	07	16	34	32	magemagemege	sharonclaws	Prismarine Shard	1.0	64.0	64	world	[-2506, 23, 2815]
2019	04	07	16	34	32	magemagemege	sharonclaws	Prismarine Shard	1.0	64.0	64	world	[-2506, 23, 2815]
2019	04	07	16	34	33	magemagemege	sharonclaws	Prismarine Shard	1.0	64.0	64	world	[-2506, 23, 2815]
2019	04	07	16	34	33	magemagemege	sharonclaws	Prismarine Shard	1.0	64.0	64	world	[-2506, 23, 2815]
2019	04	07	16	34	34	magemagemege	sharonclaws	Prismarine Shard	1.0	64.0	64	world	[-2506, 23, 2815]
2019	04	07	16	34	34	magemagemege	sharonclaws	Prismarine Shard	1.0	64.0	64	world	[-2506, 23, 2815]
2019	04	07	16	34	35	magemagemege	sharonclaws	Prismarine Shard	1.0	64.0	64	world	[-2506, 23, 2815]
2019	04	07	16	34	36	magemagemege	sharonclaws	Prismarine Shard	1.0	64.0	64	world	[-2506, 23, 2815]
2019	04	07	16	34	36	magemagemege	sharonclaws	Prismarine Shard	1.0	64.0	64	world	[-2506, 23, 2815]
2019	04	07	16	34	37	magemagemege	sharonclaws	Prismarine Shard	1.0	64.0	64	world	[-2506, 23, 2815]
2019	04	07	16	34	37	magemagemege	sharonclaws	Prismarine Shard	1.0	64.0	64	world	[-2506, 23, 2815]
2019	04	07	16	34	38	magemagemege	sharonclaws	Prismarine Shard	1.0	64.0	64	world	[-2506, 23, 2815]
2019	04	07	16	34	38	magemagemege	sharonclaws	Prismarine Shard	1.0	64.0	64	world	[-2506, 23, 2815]
2019	04	07	16	34	39	magemagemege	sharonclaws	Prismarine Shard	1.0	64.0	64	world	[-2506, 23, 2815]
2019	04	07	16	34	39	magemagemege	sharonclaws	Prismarine Shard	1.0	64.0	64	world	[-2506, 23, 2815]
2019	04	07	16	34	40	magemagemege	sharonclaws	Prismarine Shard	1.0	64.0	64	world	[-2506, 23, 2815]
2019	04	07	16	34	40	magemagemege	sharonclaws	Prismarine Shard	1.0	64.0	64	world	[-2506, 23, 2815]
2019	04	07	16	34	41	magemagemege	sharonclaws	Prismarine Shard	1.0	56.0	56	world	[-2506, 23, 2815]
2019	04	07	16	34	56	magemagemege	sharonclaws	Prismarine Shard	1.0	64.0	64	world	[-2506, 23, 2815]
2019	04	07	16	34	57	magemagemege	sharonclaws	Prismarine Shard	1.0	64.0	64	world	[-2506, 23, 2815]
2019	04	07	16	34	58	magemagemege	sharonclaws	Prismarine Shard	1.0	64.0	64	world	[-2506, 23, 2815]
2019	04	07	16	34	58	magemagemege	sharonclaws	Prismarine Shard	1.0	64.0	64	world	[-2506, 23, 2815]
2019	04	07	16	34	59	magemagemege	sharonclaws	Prismarine Shard	1.0	64.0	64	world	[-2506, 23, 2815]
2019	04	07	16	35	00	magemagemege	sharonclaws	Prismarine Shard	1.0	64.0	64	world	[-2506, 23, 2815]
2019	04	07	16	35	00	magemagemege	sharonclaws	Prismarine Shard	1.0	64.0	64	world	[-2506, 23, 2815]
2019	04	07	16	35	01	magemagemege	sharonclaws	Prismarine Shard	1.0	64.0	64	world	[-2506, 23, 2815]
2019	04	07	16	35	01	magemagemege	sharonclaws	Prismarine Shard	1.0	64.0	64	world	[-2506, 23, 2815]
2019	04	07	16	35	02	magemagemege	sharonclaws	Prismarine Shard	1.0	7.0	7	world	[-2506, 23, 2815]
2019	04	07	16	35	04	magemagemege	sharonclaws	Prismarine Shard	1.0	64.0	64	world	[-2505, 23, 2815]
2019	04	07	16	35	05	magemagemege	sharonclaws	Prismarine Shard	1.0	64.0	64	world	[-2505, 23, 2815]
2019	04	07	16	35	05	magemagemege	sharonclaws	Prismarine Shard	1.0	64.0	64	world	[-2505, 23, 2815]
2019	04	07	16	35	06	magemagemege	sharonclaws	Prismarine Shard	1.0	64.0	64	world	[-2505, 23, 2815]
2019	04	07	16	35	06	magemagemege	sharonclaws	Prismarine Shard	1.0	64.0	64	world	[-2505, 23, 2815]
2019	04	07	16	35	07	magemagemege	sharonclaws	Prismarine Shard	1.0	64.0	64	world	[-2505, 23, 2815]
2019	04	07	16	35	08	magemagemege	sharonclaws	Prismarine Shard	1.0	64.0	64	world	[-2505, 23, 2815]
2019	04	07	16	35	08	magemagemege	sharonclaws	Prismarine Shard	1.0	64.0	64	world	[-2505, 23, 2815]
2019	04	07	16	35	09	magemagemege	sharonclaws	Prismarine Shard	1.0	64.0	64	world	[-2505, 23, 2815]
2019	04	07	16	35	09	magemagemege	sharonclaws	Prismarine Shard	1.0	64.0	64	world	[-2505, 23, 2815]
2019	04	07	16	35	10	magemagemege	sharonclaws	Prismarine Shard	1.0	64.0	64	world	[-2505, 23, 2815]
2019	04	07	16	35	11	magemagemege	sharonclaws	Prismarine Shard	1.0	64.0	64	world	[-2505, 23, 2815]
2019	04	07	16	35	11	magemagemege	sharonclaws	Prismarine Shard	1.0	64.0	64	world	[-2505, 23, 2815]
2019	04	07	16	35	12	magemagemege	sharonclaws	Prismarine Shard	1.0	64.0	64	world	[-2505, 23, 2815]
2019	04	07	16	35	12	magemagemege	sharonclaws	Prismarine Shard	1.0	64.0	64	world	[-2505, 23, 2815]
2019	04	07	16	35	13	magemagemege	sharonclaws	Prismarine Shard	1.0	64.0	64	world	[-2505, 23, 2815]
2019	04	07	16	35	14	magemagemege	sharonclaws	Prismarine Shard	1.0	64.0	64	world	[-2505, 23, 2815]
2019	04	07	16	35	14	magemagemege	sharonclaws	Prismarine Shard	1.0	64.0	64	world	[-2505, 23, 2815]
2019	04	07	16	35	15	magemagemege	sharonclaws	Prismarine Shard	1.0	64.0	64	world	[-2505, 23, 2815]
2019	04	07	16	35	15	magemagemege	sharonclaws	Prismarine Shard	1.0	64.0	64	world	[-2505, 23, 2815]
2019	04	07	16	35	16	magemagemege	sharonclaws	Prismarine Shard	1.0	64.0	64	world	[-2505, 23, 2815]
2019	04	07	16	35	17	magemagemege	sharonclaws	Prismarine Shard	1.0	64.0	64	world	[-2505, 23, 2815]
2019	04	07	16	35	17	magemagemege	sharonclaws	Prismarine Shard	1.0	64.0	64	world	[-2505, 23, 2815]
2019	04	07	16	35	18	magemagemege	sharonclaws	Prismarine Shard	1.0	64.0	64	world	[-2505, 23, 2815]
2019	04	07	16	35	18	magemagemege	sharonclaws	Prismarine Shard	1.0	64.0	64	world	[-2505, 23, 2815]
2019	04	07	16	35	19	magemagemege	sharonclaws	Prismarine Shard	1.0	64.0	64	world	[-2505, 23, 2815]
2019	04	07	16	35	20	magemagemege	sharonclaws	Prismarine Shard	1.0	57.0	57	world	[-2505, 23, 2815]
2019	04	07	16	35	37	magemagemege	sharonclaws	Prismarine Shard	1.0	64.0	64	world	[-2505, 23, 2815]
2019	04	07	16	35	37	magemagemege	sharonclaws	Prismarine Shard	1.0	64.0	64	world	[-2505, 23, 2815]
2019	04	07	16	35	38	magemagemege	sharonclaws	Prismarine Shard	1.0	64.0	64	world	[-2505, 23, 2815]
2019	04	07	16	35	39	magemagemege	sharonclaws	Prismarine Shard	1.0	64.0	64	world	[-2505, 23, 2815]
2019	04	07	16	35	40	magemagemege	sharonclaws	Prismarine Shard	1.0	64.0	64	world	[-2505, 23, 2815]
2019	04	07	16	35	41	magemagemege	sharonclaws	Prismarine Shard	1.0	64.0	64	world	[-2505, 23, 2815]
2019	04	07	16	35	42	magemagemege	sharonclaws	Prismarine Shard	1.0	64.0	64	world	[-2505, 23, 2815]
2019	04	07	16	35	42	magemagemege	sharonclaws	Prismarine Shard	1.0	64.0	64	world	[-2505, 23, 2815]
2019	04	07	16	35	43	magemagemege	sharonclaws	Prismarine Shard	1.0	64.0	64	world	[-2505, 23, 2815]
2019	04	07	16	35	43	magemagemege	sharonclaws	Prismarine Shard	1.0	64.0	64	world	[-2505, 23, 2815]
2019	04	07	16	35	44	magemagemege	sharonclaws	Prismarine Shard	1.0	64.0	64	world	[-2505, 23, 2815]
2019	04	07	16	35	45	magemagemege	sharonclaws	Prismarine Shard	1.0	64.0	64	world	[-2505, 23, 2815]
2019	04	07	16	35	45	magemagemege	sharonclaws	Prismarine Shard	1.0	64.0	64	world	[-2505, 23, 2815]
2019	04	07	16	35	46	magemagemege	sharonclaws	Prismarine Shard	1.0	64.0	64	world	[-2505, 23, 2815]
2019	04	07	16	35	46	magemagemege	sharonclaws	Prismarine Shard	1.0	64.0	64	world	[-2505, 23, 2815]
2019	04	07	16	35	47	magemagemege	sharonclaws	Prismarine Shard	1.0	64.0	64	world	[-2505, 23, 2815]
2019	04	07	16	35	48	magemagemege	sharonclaws	Prismarine Shard	1.0	64.0	64	world	[-2505, 23, 2815]
2019	04	07	16	35	48	magemagemege	sharonclaws	Prismarine Shard	1.0	64.0	64	world	[-2505, 23, 2815]
2019	04	07	16	35	49	magemagemege	sharonclaws	Prismarine Shard	1.0	64.0	64	world	[-2505, 23, 2815]
2019	04	07	16	35	49	magemagemege	sharonclaws	Prismarine Shard	1.0	64.0	64	world	[-2505, 23, 2815]
2019	04	07	16	35	50	magemagemege	sharonclaws	Prismarine Shard	1.0	64.0	64	world	[-2505, 23, 2815]
2019	04	07	16	35	51	magemagemege	sharonclaws	Prismarine Shard	1.0	64.0	64	world	[-2505, 23, 2815]
2019	04	07	16	35	51	magemagemege	sharonclaws	Prismarine Shard	1.0	64.0	64	world	[-2505, 23, 2815]
2019	04	07	16	35	52	magemagemege	sharonclaws	Prismarine Shard	1.0	64.0	64	world	[-2505, 23, 2815]
2019	04	07	16	35	52	magemagemege	sharonclaws	Prismarine Shard	1.0	64.0	64	world	[-2505, 23, 2815]
2019	04	07	16	35	53	magemagemege	sharonclaws	Prismarine Shard	1.0	64.0	64	world	[-2505, 23, 2815]
2019	04	07	16	35	54	magemagemege	sharonclaws	Prismarine Shard	1.0	64.0	64	world	[-2505, 23, 2815]
2019	04	07	16	35	54	magemagemege	sharonclaws	Prismarine Shard	1.0	64.0	64	world	[-2505, 23, 2815]
2019	04	07	16	35	55	magemagemege	sharonclaws	Prismarine Shard	1.0	63.0	63	world	[-2505, 23, 2815]
2019	04	07	16	35	55	magemagemege	sharonclaws	Prismarine Shard	1.0	2.0	2	world	[-2505, 23, 2815]
2019	04	07	16	35	56	magemagemege	sharonclaws	Prismarine Shard	1.0	1.0	1	world	[-2505, 23, 2815]
2019	04	07	16	35	57	magemagemege	sharonclaws	Prismarine Shard	1.0	2.0	2	world	[-2505, 23, 2815]
2019	04	07	16	35	58	magemagemege	sharonclaws	Prismarine Shard	1.0	2.0	2	world	[-2505, 23, 2815]
2019	04	07	16	35	59	magemagemege	sharonclaws	Prismarine Shard	1.0	64.0	64	world	[-2504, 23, 2815]
2019	04	07	16	35	59	magemagemege	sharonclaws	Prismarine Shard	1.0	64.0	64	world	[-2504, 23, 2815]
2019	04	07	16	36	00	magemagemege	sharonclaws	Prismarine Shard	1.0	64.0	64	world	[-2504, 23, 2815]
2019	04	07	16	36	01	magemagemege	sharonclaws	Prismarine Shard	1.0	64.0	64	world	[-2504, 23, 2815]
2019	04	07	16	36	01	magemagemege	sharonclaws	Prismarine Shard	1.0	64.0	64	world	[-2504, 23, 2815]
2019	04	07	16	36	02	magemagemege	sharonclaws	Prismarine Shard	1.0	64.0	64	world	[-2504, 23, 2815]
2019	04	07	16	36	02	magemagemege	sharonclaws	Prismarine Shard	1.0	58.0	58	world	[-2504, 23, 2815]
2019	04	07	16	36	42	magemagemege	sharonclaws	Prismarine Shard	1.0	64.0	64	world	[-2504, 23, 2815]
2019	04	07	16	36	43	magemagemege	sharonclaws	Prismarine Shard	1.0	64.0	64	world	[-2504, 23, 2815]
2019	04	07	16	36	43	magemagemege	sharonclaws	Prismarine Shard	1.0	64.0	64	world	[-2504, 23, 2815]
2019	04	07	16	36	44	magemagemege	sharonclaws	Prismarine Shard	1.0	64.0	64	world	[-2504, 23, 2815]
2019	04	07	16	36	45	magemagemege	sharonclaws	Prismarine Shard	1.0	64.0	64	world	[-2504, 23, 2815]
2019	04	07	16	36	45	magemagemege	sharonclaws	Prismarine Shard	1.0	64.0	64	world	[-2504, 23, 2815]
2019	04	07	16	36	46	magemagemege	sharonclaws	Prismarine Shard	1.0	64.0	64	world	[-2504, 23, 2815]
2019	04	07	16	36	46	magemagemege	sharonclaws	Prismarine Shard	1.0	64.0	64	world	[-2504, 23, 2815]
2019	04	07	16	36	47	magemagemege	sharonclaws	Prismarine Shard	1.0	64.0	64	world	[-2504, 23, 2815]
2019	04	07	16	36	48	magemagemege	sharonclaws	Prismarine Shard	1.0	64.0	64	world	[-2504, 23, 2815]
2019	04	07	16	36	48	magemagemege	sharonclaws	Prismarine Shard	1.0	64.0	64	world	[-2504, 23, 2815]
2019	04	07	16	36	49	magemagemege	sharonclaws	Prismarine Shard	1.0	64.0	64	world	[-2504, 23, 2815]
2019	04	07	16	36	49	magemagemege	sharonclaws	Prismarine Shard	1.0	64.0	64	world	[-2504, 23, 2815]
2019	04	07	16	36	50	magemagemege	sharonclaws	Prismarine Shard	1.0	64.0	64	world	[-2504, 23, 2815]
2019	04	07	16	36	51	magemagemege	sharonclaws	Prismarine Shard	1.0	64.0	64	world	[-2504, 23, 2815]
2019	04	07	16	36	51	magemagemege	sharonclaws	Prismarine Shard	1.0	64.0	64	world	[-2504, 23, 2815]
2019	04	07	16	36	52	magemagemege	sharonclaws	Prismarine Shard	1.0	64.0	64	world	[-2504, 23, 2815]
2019	04	07	16	36	52	magemagemege	sharonclaws	Prismarine Shard	1.0	64.0	64	world	[-2504, 23, 2815]
2019	04	07	16	37	00	magemagemege	sharonclaws	Prismarine Shard	1.0	64.0	64	world	[-2504, 23, 2815]
2019	04	07	16	37	00	magemagemege	sharonclaws	Prismarine Shard	1.0	64.0	64	world	[-2504, 23, 2815]
2019	04	07	16	37	01	magemagemege	sharonclaws	Prismarine Shard	1.0	64.0	64	world	[-2504, 23, 2815]
2019	04	07	16	37	01	magemagemege	sharonclaws	Prismarine Shard	1.0	64.0	64	world	[-2504, 23, 2815]
2019	04	07	16	37	02	magemagemege	sharonclaws	Prismarine Shard	1.0	64.0	64	world	[-2504, 23, 2815]
2019	04	07	16	37	03	magemagemege	sharonclaws	Prismarine Shard	1.0	64.0	64	world	[-2504, 23, 2815]
2019	04	07	16	37	03	magemagemege	sharonclaws	Prismarine Shard	1.0	64.0	64	world	[-2504, 23, 2815]
2019	04	07	16	37	04	magemagemege	sharonclaws	Prismarine Shard	1.0	64.0	64	world	[-2504, 23, 2815]
2019	04	07	16	37	04	magemagemege	sharonclaws	Prismarine Shard	1.0	64.0	64	world	[-2504, 23, 2815]
2019	04	07	16	37	05	magemagemege	sharonclaws	Prismarine Shard	1.0	64.0	64	world	[-2504, 23, 2815]
2019	04	07	16	37	06	magemagemege	sharonclaws	Prismarine Shard	1.0	64.0	64	world	[-2504, 23, 2815]
2019	04	07	16	37	06	magemagemege	sharonclaws	Prismarine Shard	1.0	64.0	64	world	[-2504, 23, 2815]
2019	04	07	16	37	07	magemagemege	sharonclaws	Prismarine Shard	1.0	64.0	64	world	[-2504, 23, 2815]
2019	04	07	16	37	07	magemagemege	sharonclaws	Prismarine Shard	1.0	64.0	64	world	[-2504, 23, 2815]
2019	04	07	16	37	08	magemagemege	sharonclaws	Prismarine Shard	1.0	64.0	64	world	[-2504, 23, 2815]
2019	04	07	16	37	09	magemagemege	sharonclaws	Prismarine Shard	1.0	64.0	64	world	[-2504, 23, 2815]
2019	04	07	16	37	09	magemagemege	sharonclaws	Prismarine Shard	1.0	64.0	64	world	[-2504, 23, 2815]
2019	04	07	16	37	10	magemagemege	sharonclaws	Prismarine Shard	1.0	64.0	64	world	[-2504, 23, 2815]
2019	04	07	16	37	26	magemagemege	sharonclaws	Prismarine Shard	1.0	64.0	64	world	[-2504, 23, 2815]
2019	04	07	16	37	27	magemagemege	sharonclaws	Prismarine Shard	1.0	64.0	64	world	[-2504, 23, 2815]
2019	04	07	16	37	27	magemagemege	sharonclaws	Prismarine Shard	1.0	64.0	64	world	[-2504, 23, 2815]
2019	04	07	16	37	28	magemagemege	sharonclaws	Prismarine Shard	1.0	64.0	64	world	[-2504, 23, 2815]
2019	04	07	16	37	29	magemagemege	sharonclaws	Prismarine Shard	1.0	64.0	64	world	[-2504, 23, 2815]
2019	04	07	16	37	29	magemagemege	sharonclaws	Prismarine Shard	1.0	64.0	64	world	[-2504, 23, 2815]
2019	04	07	16	37	30	magemagemege	sharonclaws	Prismarine Shard	1.0	64.0	64	world	[-2504, 23, 2815]
2019	04	07	16	37	30	magemagemege	sharonclaws	Prismarine Shard	1.0	64.0	64	world	[-2504, 23, 2815]
2019	04	07	16	37	31	magemagemege	sharonclaws	Prismarine Shard	1.0	64.0	64	world	[-2504, 23, 2815]
2019	04	07	16	37	32	magemagemege	sharonclaws	Prismarine Shard	1.0	64.0	64	world	[-2504, 23, 2815]
2019	04	07	16	37	32	magemagemege	sharonclaws	Prismarine Shard	1.0	64.0	64	world	[-2504, 23, 2815]
2019	04	07	16	37	33	magemagemege	sharonclaws	Prismarine Shard	1.0	6.0	6	world	[-2504, 23, 2815]
2019	04	07	16	37	35	magemagemege	sharonclaws	Prismarine Shard	1.0	64.0	64	world	[-2504, 25, 2815]
2019	04	07	16	37	36	magemagemege	sharonclaws	Prismarine Shard	1.0	64.0	64	world	[-2504, 25, 2815]
2019	04	07	16	37	37	magemagemege	sharonclaws	Prismarine Shard	1.0	64.0	64	world	[-2504, 25, 2815]
2019	04	07	16	37	37	magemagemege	sharonclaws	Prismarine Shard	1.0	64.0	64	world	[-2504, 25, 2815]
2019	04	07	16	37	38	magemagemege	sharonclaws	Prismarine Shard	1.0	64.0	64	world	[-2504, 25, 2815]
2019	04	07	16	37	38	magemagemege	sharonclaws	Prismarine Shard	1.0	64.0	64	world	[-2504, 25, 2815]
2019	04	07	16	37	39	magemagemege	sharonclaws	Prismarine Shard	1.0	64.0	64	world	[-2504, 25, 2815]
2019	04	07	16	37	40	magemagemege	sharonclaws	Prismarine Shard	1.0	64.0	64	world	[-2504, 25, 2815]
2019	04	07	16	37	40	magemagemege	sharonclaws	Prismarine Shard	1.0	64.0	64	world	[-2504, 25, 2815]
2019	04	07	16	37	41	magemagemege	sharonclaws	Prismarine Shard	1.0	64.0	64	world	[-2504, 25, 2815]
2019	04	07	16	37	41	magemagemege	sharonclaws	Prismarine Shard	1.0	64.0	64	world	[-2504, 25, 2815]
2019	04	07	16	37	42	magemagemege	sharonclaws	Prismarine Shard	1.0	64.0	64	world	[-2504, 25, 2815]
2019	04	07	16	37	43	magemagemege	sharonclaws	Prismarine Shard	1.0	64.0	64	world	[-2504, 25, 2815]
2019	04	07	16	37	43	magemagemege	sharonclaws	Prismarine Shard	1.0	64.0	64	world	[-2504, 25, 2815]
2019	04	07	16	37	44	magemagemege	sharonclaws	Prismarine Shard	1.0	64.0	64	world	[-2504, 25, 2815]
2019	04	07	16	37	44	magemagemege	sharonclaws	Prismarine Shard	1.0	64.0	64	world	[-2504, 25, 2815]
2019	04	07	16	37	45	magemagemege	sharonclaws	Prismarine Shard	1.0	64.0	64	world	[-2504, 25, 2815]
2019	04	07	16	37	46	magemagemege	sharonclaws	Prismarine Shard	1.0	64.0	64	world	[-2504, 25, 2815]
2019	04	07	16	37	46	magemagemege	sharonclaws	Prismarine Shard	1.0	64.0	64	world	[-2504, 25, 2815]
2019	04	07	16	37	47	magemagemege	sharonclaws	Prismarine Shard	1.0	64.0	64	world	[-2504, 25, 2815]
2019	04	07	16	37	47	magemagemege	sharonclaws	Prismarine Shard	1.0	64.0	64	world	[-2504, 25, 2815]
2019	04	07	16	37	48	magemagemege	sharonclaws	Prismarine Shard	1.0	64.0	64	world	[-2504, 25, 2815]
2019	04	07	16	37	49	magemagemege	sharonclaws	Prismarine Shard	1.0	64.0	64	world	[-2504, 25, 2815]
2019	04	07	16	37	49	magemagemege	sharonclaws	Prismarine Shard	1.0	64.0	64	world	[-2504, 25, 2815]
2019	04	07	16	37	50	magemagemege	sharonclaws	Prismarine Shard	1.0	58.0	58	world	[-2504, 25, 2815]
2019	04	07	16	38	12	magemagemege	sharonclaws	Prismarine Shard	1.0	64.0	64	world	[-2504, 25, 2815]
2019	04	07	16	38	13	magemagemege	sharonclaws	Prismarine Shard	1.0	64.0	64	world	[-2504, 25, 2815]
2019	04	07	16	38	14	magemagemege	sharonclaws	Prismarine Shard	1.0	64.0	64	world	[-2504, 25, 2815]
2019	04	07	16	38	15	magemagemege	sharonclaws	Prismarine Shard	1.0	64.0	64	world	[-2504, 25, 2815]
2019	04	07	16	38	15	magemagemege	sharonclaws	Prismarine Shard	1.0	64.0	64	world	[-2504, 25, 2815]
2019	04	07	16	38	16	magemagemege	sharonclaws	Prismarine Shard	1.0	64.0	64	world	[-2504, 25, 2815]
2019	04	07	16	38	16	magemagemege	sharonclaws	Prismarine Shard	1.0	64.0	64	world	[-2504, 25, 2815]
2019	04	07	16	38	17	magemagemege	sharonclaws	Prismarine Shard	1.0	64.0	64	world	[-2504, 25, 2815]
2019	04	07	16	38	18	magemagemege	sharonclaws	Prismarine Shard	1.0	64.0	64	world	[-2504, 25, 2815]
2019	04	07	16	38	18	magemagemege	sharonclaws	Prismarine Shard	1.0	64.0	64	world	[-2504, 25, 2815]
2019	04	07	16	38	19	magemagemege	sharonclaws	Prismarine Shard	1.0	64.0	64	world	[-2504, 25, 2815]
2019	04	07	16	38	20	magemagemege	sharonclaws	Prismarine Shard	1.0	64.0	64	world	[-2504, 25, 2815]
2019	04	07	16	38	20	magemagemege	sharonclaws	Prismarine Shard	1.0	64.0	64	world	[-2504, 25, 2815]
2019	04	07	16	38	21	magemagemege	sharonclaws	Prismarine Shard	1.0	64.0	64	world	[-2504, 25, 2815]
2019	04	07	16	38	21	magemagemege	sharonclaws	Prismarine Shard	1.0	64.0	64	world	[-2504, 25, 2815]
2019	04	07	16	38	22	magemagemege	sharonclaws	Prismarine Shard	1.0	64.0	64	world	[-2504, 25, 2815]
2019	04	07	16	38	23	magemagemege	sharonclaws	Prismarine Shard	1.0	64.0	64	world	[-2504, 25, 2815]
2019	04	07	16	38	23	magemagemege	sharonclaws	Prismarine Shard	1.0	64.0	64	world	[-2504, 25, 2815]
2019	04	07	16	38	24	magemagemege	sharonclaws	Prismarine Shard	1.0	64.0	64	world	[-2504, 25, 2815]
2019	04	07	16	38	24	magemagemege	sharonclaws	Prismarine Shard	1.0	64.0	64	world	[-2504, 25, 2815]
2019	04	07	16	38	25	magemagemege	sharonclaws	Prismarine Shard	1.0	64.0	64	world	[-2504, 25, 2815]
2019	04	07	16	38	26	magemagemege	sharonclaws	Prismarine Shard	1.0	64.0	64	world	[-2504, 25, 2815]
2019	04	07	16	38	26	magemagemege	sharonclaws	Prismarine Shard	1.0	64.0	64	world	[-2504, 25, 2815]
2019	04	07	16	38	27	magemagemege	sharonclaws	Prismarine Shard	1.0	64.0	64	world	[-2504, 25, 2815]
2019	04	07	16	38	27	magemagemege	sharonclaws	Prismarine Shard	1.0	64.0	64	world	[-2504, 25, 2815]
2019	04	07	16	38	28	magemagemege	sharonclaws	Prismarine Shard	1.0	64.0	64	world	[-2504, 25, 2815]
2019	04	07	16	38	29	magemagemege	sharonclaws	Prismarine Shard	1.0	64.0	64	world	[-2504, 25, 2815]
2019	04	07	16	38	42	magemagemege	sharonclaws	Prismarine Shard	1.0	64.0	64	world	[-2504, 25, 2815]
2019	04	07	16	38	43	magemagemege	sharonclaws	Prismarine Shard	1.0	64.0	64	world	[-2504, 25, 2815]
2019	04	07	16	38	43	magemagemege	sharonclaws	Prismarine Shard	1.0	6.0	6	world	[-2504, 25, 2815]
2019	04	07	16	38	58	magemagemege	sharonclaws	Prismarine Shard	1.0	64.0	64	world	[-2504, 26, 2815]
2019	04	07	16	38	59	magemagemege	sharonclaws	Prismarine Shard	1.0	64.0	64	world	[-2504, 26, 2815]
2019	04	07	16	39	00	magemagemege	sharonclaws	Prismarine Shard	1.0	64.0	64	world	[-2504, 26, 2815]
2019	04	07	16	39	00	magemagemege	sharonclaws	Prismarine Shard	1.0	64.0	64	world	[-2504, 26, 2815]
2019	04	07	16	39	01	magemagemege	sharonclaws	Prismarine Shard	1.0	64.0	64	world	[-2504, 26, 2815]
2019	04	07	16	39	01	magemagemege	sharonclaws	Prismarine Shard	1.0	64.0	64	world	[-2504, 26, 2815]
2019	04	07	16	39	02	magemagemege	sharonclaws	Prismarine Shard	1.0	64.0	64	world	[-2504, 26, 2815]
2019	04	07	16	39	03	magemagemege	sharonclaws	Prismarine Shard	1.0	64.0	64	world	[-2504, 26, 2815]
2019	04	07	16	39	03	magemagemege	sharonclaws	Prismarine Shard	1.0	64.0	64	world	[-2504, 26, 2815]
2019	04	07	16	39	04	magemagemege	sharonclaws	Prismarine Shard	1.0	64.0	64	world	[-2504, 26, 2815]
2019	04	07	16	39	04	magemagemege	sharonclaws	Prismarine Shard	1.0	64.0	64	world	[-2504, 26, 2815]
2019	04	07	16	39	05	magemagemege	sharonclaws	Prismarine Shard	1.0	64.0	64	world	[-2504, 26, 2815]
2019	04	07	16	39	06	magemagemege	sharonclaws	Prismarine Shard	1.0	64.0	64	world	[-2504, 26, 2815]
2019	04	07	16	39	06	magemagemege	sharonclaws	Prismarine Shard	1.0	64.0	64	world	[-2504, 26, 2815]
2019	04	07	16	39	07	magemagemege	sharonclaws	Prismarine Shard	1.0	64.0	64	world	[-2504, 26, 2815]
2019	04	07	16	39	07	magemagemege	sharonclaws	Prismarine Shard	1.0	64.0	64	world	[-2504, 26, 2815]
2019	04	07	16	39	08	magemagemege	sharonclaws	Prismarine Shard	1.0	64.0	64	world	[-2504, 26, 2815]
2019	04	07	16	39	09	magemagemege	sharonclaws	Prismarine Shard	1.0	64.0	64	world	[-2504, 26, 2815]
2019	04	07	16	39	09	magemagemege	sharonclaws	Prismarine Shard	1.0	64.0	64	world	[-2504, 26, 2815]
2019	04	07	16	39	10	magemagemege	sharonclaws	Prismarine Shard	1.0	64.0	64	world	[-2504, 26, 2815]
2019	04	07	16	39	10	magemagemege	sharonclaws	Prismarine Shard	1.0	64.0	64	world	[-2504, 26, 2815]
2019	04	07	16	39	11	magemagemege	sharonclaws	Prismarine Shard	1.0	58.0	58	world	[-2504, 26, 2815]
2019	04	13	16	46	09	Aewheros	K9us	Prismarine Shard	0.0	0.0	40	world	[-2748, 22, 1824]
2019	04	13	16	46	16	Aewheros	K9us	Prismarine Shard	0.0	0.0	64	world	[-2749, 22, 1824]
2019	04	13	16	46	17	Aewheros	K9us	Prismarine Shard	0.0	0.0	64	world	[-2749, 22, 1824]
2019	04	13	16	46	18	Aewheros	K9us	Prismarine Shard	0.0	0.0	64	world	[-2749, 22, 1824]
2019	04	13	16	46	18	Aewheros	K9us	Prismarine Shard	0.0	0.0	64	world	[-2749, 22, 1824]
2019	04	13	16	46	19	Aewheros	K9us	Prismarine Shard	0.0	0.0	64	world	[-2749, 22, 1824]
2019	04	13	16	46	25	Aewheros	K9us	Prismarine Shard	0.0	0.0	64	world	[-2749, 22, 1824]
2019	04	13	16	46	25	Aewheros	K9us	Prismarine Shard	0.0	0.0	64	world	[-2749, 22, 1824]
2019	04	13	16	46	26	Aewheros	K9us	Prismarine Shard	0.0	0.0	18	world	[-2749, 22, 1824]
2019	04	13	16	46	27	Aewheros	K9us	Prismarine Shard	0.0	0.0	1	world	[-2749, 22, 1824]
2019	04	13	16	46	27	Aewheros	K9us	Prismarine Shard	0.0	0.0	1	world	[-2749, 22, 1824]
2019	04	13	16	48	00	Aewheros	K9us	Prismarine Shard	0.0	0.0	64	world	[-2748, 22, 1824]
2019	04	13	16	48	01	Aewheros	K9us	Prismarine Shard	0.0	0.0	64	world	[-2748, 22, 1824]
2019	04	13	16	48	01	Aewheros	K9us	Prismarine Shard	0.0	0.0	64	world	[-2748, 22, 1824]
2019	04	13	16	48	02	Aewheros	K9us	Prismarine Shard	0.0	0.0	64	world	[-2748, 22, 1824]
2019	04	13	16	48	31	Aewheros	K9us	Prismarine Shard	0.0	0.0	24	world	[-2748, 22, 1824]
2019	04	13	16	48	33	Aewheros	K9us	Prismarine Shard	0.0	0.0	64	world	[-2749, 22, 1824]
2019	04	13	16	48	34	Aewheros	K9us	Prismarine Shard	0.0	0.0	64	world	[-2749, 22, 1824]
2019	04	13	16	48	34	Aewheros	K9us	Prismarine Shard	0.0	0.0	59	world	[-2749, 22, 1824]
2019	04	13	16	48	35	Aewheros	K9us	Prismarine Shard	0.0	0.0	1	world	[-2749, 22, 1824]
2019	04	13	16	48	36	Aewheros	K9us	Prismarine Shard	0.0	0.0	1	world	[-2749, 22, 1824]
2019	04	13	16	48	36	Aewheros	K9us	Prismarine Shard	0.0	0.0	64	world	[-2750, 22, 1824]
2019	04	13	16	48	37	Aewheros	K9us	Prismarine Shard	0.0	0.0	64	world	[-2750, 22, 1824]
2019	04	13	16	48	37	Aewheros	K9us	Prismarine Shard	0.0	0.0	64	world	[-2750, 22, 1824]
2019	04	13	16	48	38	Aewheros	K9us	Prismarine Shard	0.0	0.0	64	world	[-2750, 22, 1824]
2019	04	13	16	49	09	Aewheros	K9us	Prismarine Shard	0.0	0.0	64	world	[-2750, 22, 1824]
2019	04	13	16	49	10	Aewheros	K9us	Prismarine Shard	0.0	0.0	64	world	[-2750, 22, 1824]
2019	04	13	16	49	10	Aewheros	K9us	Prismarine Shard	0.0	0.0	64	world	[-2750, 22, 1824]
2019	04	13	16	49	11	Aewheros	K9us	Prismarine Shard	0.0	0.0	64	world	[-2750, 22, 1824]
2019	04	13	16	49	11	Aewheros	K9us	Prismarine Shard	0.0	0.0	64	world	[-2750, 22, 1824]
2019	04	13	16	49	12	Aewheros	K9us	Prismarine Shard	0.0	0.0	64	world	[-2750, 22, 1824]
2019	04	13	16	49	13	Aewheros	K9us	Prismarine Shard	0.0	0.0	63	world	[-2750, 22, 1824]
2019	04	13	16	49	23	Aewheros	K9us	Prismarine Shard	0.0	0.0	64	world	[-2750, 22, 1824]
2019	04	13	16	49	24	Aewheros	K9us	Prismarine Shard	0.0	0.0	64	world	[-2750, 22, 1824]
2019	04	13	16	49	25	Aewheros	K9us	Prismarine Shard	0.0	0.0	64	world	[-2750, 22, 1824]
2019	04	13	16	49	25	Aewheros	K9us	Prismarine Shard	0.0	0.0	64	world	[-2750, 22, 1824]
2019	04	13	16	49	26	Aewheros	K9us	Prismarine Shard	0.0	0.0	64	world	[-2750, 22, 1824]
2019	04	13	16	49	26	Aewheros	K9us	Prismarine Shard	0.0	0.0	64	world	[-2750, 22, 1824]
2019	04	13	16	49	27	Aewheros	K9us	Prismarine Shard	0.0	0.0	64	world	[-2750, 22, 1824]
2019	04	13	16	49	29	Aewheros	K9us	Prismarine Shard	0.0	0.0	19	world	[-2749, 22, 1824]
2019	04	13	16	50	00	Aewheros	K9us	Prismarine Shard	0.0	0.0	64	world	[-2750, 22, 1824]
2019	04	13	16	50	00	Aewheros	K9us	Prismarine Shard	0.0	0.0	53	world	[-2750, 22, 1824]
2019	04	13	16	50	12	Aewheros	K9us	Prismarine Shard	0.0	0.0	64	world	[-2750, 22, 1824]
2019	04	13	16	50	12	Aewheros	K9us	Prismarine Shard	0.0	0.0	64	world	[-2750, 22, 1824]
2019	04	13	16	50	13	Aewheros	K9us	Prismarine Shard	0.0	0.0	64	world	[-2750, 22, 1824]
2019	04	13	16	50	14	Aewheros	K9us	Prismarine Shard	0.0	0.0	64	world	[-2750, 22, 1824]
2019	04	13	16	50	20	Aewheros	K9us	Prismarine Shard	0.0	0.0	64	world	[-2750, 22, 1824]
2019	04	13	16	50	21	Aewheros	K9us	Prismarine Shard	0.0	0.0	64	world	[-2750, 22, 1824]
2019	04	13	16	50	22	Aewheros	K9us	Prismarine Shard	0.0	0.0	64	world	[-2750, 22, 1824]
2019	04	13	16	50	22	Aewheros	K9us	Prismarine Shard	0.0	0.0	64	world	[-2750, 22, 1824]
2019	04	13	16	50	23	Aewheros	K9us	Prismarine Shard	0.0	0.0	64	world	[-2750, 22, 1824]
2019	04	13	16	50	23	Aewheros	K9us	Prismarine Shard	0.0	0.0	64	world	[-2750, 22, 1824]
2019	04	13	16	50	24	Aewheros	K9us	Prismarine Shard	0.0	0.0	64	world	[-2750, 22, 1824]
2019	04	13	16	50	25	Aewheros	K9us	Prismarine Shard	0.0	0.0	64	world	[-2750, 22, 1824]
2019	04	13	16	50	25	Aewheros	K9us	Prismarine Shard	0.0	0.0	64	world	[-2750, 22, 1824]
2019	04	13	16	50	51	Aewheros	K9us	Prismarine Shard	0.0	0.0	64	world	[-2750, 22, 1824]
2019	04	13	16	50	52	Aewheros	K9us	Prismarine Shard	0.0	0.0	64	world	[-2750, 22, 1824]
2019	04	13	16	50	52	Aewheros	K9us	Prismarine Shard	0.0	0.0	64	world	[-2750, 22, 1824]
2019	04	13	16	50	53	Aewheros	K9us	Prismarine Shard	0.0	0.0	64	world	[-2750, 22, 1824]
2019	04	13	16	50	54	Aewheros	K9us	Prismarine Shard	0.0	0.0	64	world	[-2750, 22, 1824]
2019	04	13	16	50	54	Aewheros	K9us	Prismarine Shard	0.0	0.0	64	world	[-2750, 22, 1824]
2019	04	13	16	50	55	Aewheros	K9us	Prismarine Shard	0.0	0.0	64	world	[-2750, 22, 1824]
2019	04	13	16	51	10	Aewheros	K9us	Prismarine Shard	0.0	0.0	64	world	[-2750, 22, 1824]
2019	04	13	16	51	11	Aewheros	K9us	Prismarine Shard	0.0	0.0	28	world	[-2750, 22, 1824]
2019	04	13	16	51	24	Aewheros	K9us	Prismarine Shard	0.0	0.0	61	world	[-2746, 22, 1824]
2019	04	13	16	51	28	Aewheros	K9us	Prismarine Shard	0.0	0.0	64	world	[-2750, 22, 1824]
2019	04	13	16	51	28	Aewheros	K9us	Prismarine Shard	0.0	0.0	64	world	[-2750, 22, 1824]
2019	04	13	16	51	29	Aewheros	K9us	Prismarine Shard	0.0	0.0	64	world	[-2750, 22, 1824]
2019	04	13	16	51	30	Aewheros	K9us	Prismarine Shard	0.0	0.0	64	world	[-2750, 22, 1824]
2019	04	13	16	51	30	Aewheros	K9us	Prismarine Shard	0.0	0.0	64	world	[-2750, 22, 1824]
2019	04	13	16	51	31	Aewheros	K9us	Prismarine Shard	0.0	0.0	64	world	[-2750, 22, 1824]
2019	04	13	16	51	31	Aewheros	K9us	Prismarine Shard	0.0	0.0	64	world	[-2750, 22, 1824]
2019	04	13	16	51	32	Aewheros	K9us	Prismarine Shard	0.0	0.0	64	world	[-2750, 22, 1824]
2019	04	13	16	51	33	Aewheros	K9us	Prismarine Shard	0.0	0.0	64	world	[-2750, 22, 1824]
2019	04	13	16	51	33	Aewheros	K9us	Prismarine Shard	0.0	0.0	64	world	[-2750, 22, 1824]
2019	04	13	16	51	34	Aewheros	K9us	Prismarine Shard	0.0	0.0	64	world	[-2750, 22, 1824]
2019	04	13	16	51	34	Aewheros	K9us	Prismarine Shard	0.0	0.0	64	world	[-2750, 22, 1824]
2019	04	13	16	51	35	Aewheros	K9us	Prismarine Shard	0.0	0.0	64	world	[-2750, 22, 1824]
2019	04	13	16	51	36	Aewheros	K9us	Prismarine Shard	0.0	0.0	64	world	[-2750, 22, 1824]
2019	04	13	16	51	37	Aewheros	K9us	Prismarine Shard	0.0	0.0	3	world	[-2750, 22, 1824]
2019	04	16	09	54	37	frozenhammerz	K9us	Prismarine Shard	0.0	0.0	64	world	[-2748, 22, 1824]
2019	04	16	09	54	38	frozenhammerz	K9us	Prismarine Shard	0.0	0.0	64	world	[-2748, 22, 1824]
2019	04	16	09	54	39	frozenhammerz	K9us	Prismarine Shard	0.0	0.0	64	world	[-2748, 22, 1824]
2019	04	16	09	54	40	frozenhammerz	K9us	Prismarine Shard	0.0	0.0	40	world	[-2748, 22, 1824]
2019	04	16	09	54	43	frozenhammerz	K9us	Prismarine Shard	2.0	128.0	64	world	[-2748, 21, 1824]
2019	04	16	09	54	58	frozenhammerz	K9us	Prismarine Shard	2.0	128.0	64	world	[-2748, 21, 1824]
2019	04	16	09	54	59	frozenhammerz	K9us	Prismarine Shard	2.0	128.0	64	world	[-2748, 21, 1824]
2019	04	16	09	54	59	frozenhammerz	K9us	Prismarine Shard	2.0	128.0	64	world	[-2748, 21, 1824]
2019	04	16	09	55	00	frozenhammerz	K9us	Prismarine Shard	2.0	128.0	64	world	[-2748, 21, 1824]
2019	04	16	09	55	01	frozenhammerz	K9us	Prismarine Shard	2.0	48.0	24	world	[-2748, 21, 1824]
2019	04	16	09	55	07	frozenhammerz	K9us	Prismarine Shard	2.0	128.0	64	world	[-2748, 21, 1824]
2019	04	16	09	55	07	frozenhammerz	K9us	Prismarine Shard	2.0	128.0	64	world	[-2748, 21, 1824]
2019	04	16	09	55	08	frozenhammerz	K9us	Prismarine Shard	2.0	128.0	64	world	[-2748, 21, 1824]
2019	04	16	09	55	11	frozenhammerz	K9us	Prismarine Shard	2.0	32.0	16	world	[-2748, 21, 1824]
2019	04	16	09	55	31	frozenhammerz	K9us	Prismarine Shard	2.0	128.0	64	world	[-2748, 21, 1824]
2019	04	16	09	55	32	frozenhammerz	K9us	Prismarine Shard	2.0	128.0	64	world	[-2748, 21, 1824]
2019	04	16	09	55	32	frozenhammerz	K9us	Prismarine Shard	2.0	128.0	64	world	[-2748, 21, 1824]
2019	04	16	09	55	47	frozenhammerz	K9us	Prismarine Shard	2.0	128.0	64	world	[-2748, 21, 1824]
2019	04	16	09	55	48	frozenhammerz	K9us	Prismarine Shard	2.0	128.0	64	world	[-2748, 21, 1824]
2019	04	16	09	55	48	frozenhammerz	K9us	Prismarine Shard	2.0	128.0	64	world	[-2748, 21, 1824]
2019	04	16	09	55	49	frozenhammerz	K9us	Prismarine Shard	2.0	120.0	60	world	[-2748, 21, 1824]
2019	04	16	09	55	58	frozenhammerz	K9us	Prismarine Shard	2.0	128.0	64	world	[-2746, 21, 1824]
2019	04	16	09	56	00	frozenhammerz	K9us	Prismarine Shard	2.0	128.0	64	world	[-2746, 21, 1824]
2019	04	16	09	56	01	frozenhammerz	K9us	Prismarine Shard	2.0	128.0	64	world	[-2746, 21, 1824]
2019	04	16	09	56	10	frozenhammerz	K9us	Prismarine Shard	2.0	128.0	64	world	[-2748, 21, 1824]
2019	04	16	09	56	10	frozenhammerz	K9us	Prismarine Shard	2.0	128.0	64	world	[-2748, 21, 1824]
2019	04	16	09	56	11	frozenhammerz	K9us	Prismarine Shard	2.0	128.0	64	world	[-2748, 21, 1824]
2019	04	16	09	56	12	frozenhammerz	K9us	Prismarine Shard	2.0	128.0	64	world	[-2748, 21, 1824]
2019	04	16	09	56	31	frozenhammerz	K9us	Prismarine Shard	2.0	128.0	64	world	[-2748, 21, 1824]
2019	04	16	09	56	32	frozenhammerz	K9us	Prismarine Shard	2.0	128.0	64	world	[-2748, 21, 1824]
2019	04	16	09	56	33	frozenhammerz	K9us	Prismarine Shard	2.0	128.0	64	world	[-2748, 21, 1824]
2019	04	16	09	56	33	frozenhammerz	K9us	Prismarine Shard	2.0	56.0	28	world	[-2748, 21, 1824]
2019	04	16	09	56	45	frozenhammerz	K9us	Prismarine Shard	2.0	128.0	64	world	[-2748, 21, 1824]
2019	04	16	09	56	45	frozenhammerz	K9us	Prismarine Shard	2.0	128.0	64	world	[-2748, 21, 1824]
2019	04	16	09	56	46	frozenhammerz	K9us	Prismarine Shard	2.0	128.0	64	world	[-2748, 21, 1824]
2019	04	16	09	56	53	frozenhammerz	K9us	Prismarine Shard	2.0	128.0	64	world	[-2748, 21, 1824]
2019	04	16	09	57	40	frozenhammerz	K9us	Prismarine Shard	2.0	128.0	64	world	[-2748, 21, 1824]
2019	04	16	09	57	40	frozenhammerz	K9us	Prismarine Shard	2.0	128.0	64	world	[-2748, 21, 1824]
2019	04	16	09	57	41	frozenhammerz	K9us	Prismarine Shard	2.0	128.0	64	world	[-2748, 21, 1824]
2019	04	16	09	57	41	frozenhammerz	K9us	Prismarine Shard	2.0	128.0	64	world	[-2748, 21, 1824]
2019	04	16	09	57	42	frozenhammerz	K9us	Prismarine Shard	2.0	128.0	64	world	[-2748, 21, 1824]
2019	04	16	09	57	52	frozenhammerz	K9us	Prismarine Shard	2.0	128.0	64	world	[-2748, 21, 1824]
2019	04	16	09	57	52	frozenhammerz	K9us	Prismarine Shard	2.0	128.0	64	world	[-2748, 21, 1824]
2019	04	16	09	57	53	frozenhammerz	K9us	Prismarine Shard	2.0	128.0	64	world	[-2748, 21, 1824]
2019	04	16	09	58	07	frozenhammerz	K9us	Prismarine Shard	2.0	128.0	64	world	[-2746, 21, 1824]
2019	04	16	09	58	08	frozenhammerz	K9us	Prismarine Shard	2.0	128.0	64	world	[-2746, 21, 1824]
2019	04	16	09	58	08	frozenhammerz	K9us	Prismarine Shard	2.0	128.0	64	world	[-2746, 21, 1824]
2019	04	16	09	58	09	frozenhammerz	K9us	Prismarine Shard	2.0	128.0	64	world	[-2746, 21, 1824]
2019	04	16	09	58	09	frozenhammerz	K9us	Prismarine Shard	2.0	128.0	64	world	[-2746, 21, 1824]
2019	04	16	09	58	18	frozenhammerz	K9us	Prismarine Shard	2.0	128.0	64	world	[-2746, 21, 1824]
2019	04	16	09	58	18	frozenhammerz	K9us	Prismarine Shard	2.0	128.0	64	world	[-2746, 21, 1824]
2019	04	16	09	58	19	frozenhammerz	K9us	Prismarine Shard	2.0	128.0	64	world	[-2746, 21, 1824]
2019	04	16	09	58	25	frozenhammerz	K9us	Prismarine Shard	2.0	128.0	64	world	[-2746, 21, 1824]
2019	04	16	09	58	32	frozenhammerz	K9us	Prismarine Shard	2.0	128.0	64	world	[-2746, 21, 1824]
2019	04	16	09	58	33	frozenhammerz	K9us	Prismarine Shard	2.0	128.0	64	world	[-2746, 21, 1824]
2019	04	16	09	58	33	frozenhammerz	K9us	Prismarine Shard	2.0	128.0	64	world	[-2746, 21, 1824]
2019	04	16	09	58	52	frozenhammerz	K9us	Prismarine Shard	2.0	128.0	64	world	[-2748, 21, 1824]
2019	04	16	09	58	53	frozenhammerz	K9us	Prismarine Shard	2.0	128.0	64	world	[-2748, 21, 1824]
2019	04	16	09	58	53	frozenhammerz	K9us	Prismarine Shard	2.0	128.0	64	world	[-2748, 21, 1824]
2019	04	16	09	58	54	frozenhammerz	K9us	Prismarine Shard	2.0	128.0	64	world	[-2748, 21, 1824]
2019	04	16	09	58	55	frozenhammerz	K9us	Prismarine Shard	2.0	128.0	64	world	[-2748, 21, 1824]
2019	04	26	17	37	56	Aewheros	K9us	Prismarine Shard	4.0	4.0	1	world	[-2746, 19, 1824]
2019	04	26	17	43	35	Aewheros	K9us	Prismarine Shard	0.0	0.0	64	world	[-2748, 22, 1824]
2019	04	26	17	43	35	Aewheros	K9us	Prismarine Shard	0.0	0.0	64	world	[-2748, 22, 1824]
2019	04	26	17	43	36	Aewheros	K9us	Prismarine Shard	0.0	0.0	64	world	[-2748, 22, 1824]
2019	04	26	17	43	37	Aewheros	K9us	Prismarine Shard	0.0	0.0	64	world	[-2748, 22, 1824]
2019	04	26	17	43	37	Aewheros	K9us	Prismarine Shard	0.0	0.0	63	world	[-2748, 22, 1824]
2019	04	26	17	43	39	Aewheros	K9us	Prismarine Shard	0.0	0.0	64	world	[-2749, 22, 1824]
2019	04	26	17	43	40	Aewheros	K9us	Prismarine Shard	0.0	0.0	64	world	[-2749, 22, 1824]
2019	04	26	17	43	40	Aewheros	K9us	Prismarine Shard	0.0	0.0	64	world	[-2749, 22, 1824]
2019	04	26	17	43	41	Aewheros	K9us	Prismarine Shard	0.0	0.0	64	world	[-2749, 22, 1824]
2019	04	26	17	43	41	Aewheros	K9us	Prismarine Shard	0.0	0.0	64	world	[-2749, 22, 1824]
2019	04	26	17	43	42	Aewheros	K9us	Prismarine Shard	0.0	0.0	64	world	[-2749, 22, 1824]
2019	04	26	17	43	43	Aewheros	K9us	Prismarine Shard	0.0	0.0	64	world	[-2749, 22, 1824]
2019	04	26	17	43	43	Aewheros	K9us	Prismarine Shard	0.0	0.0	64	world	[-2750, 22, 1824]
2019	04	26	17	43	44	Aewheros	K9us	Prismarine Shard	0.0	0.0	64	world	[-2750, 22, 1824]
2019	04	26	17	43	44	Aewheros	K9us	Prismarine Shard	0.0	0.0	64	world	[-2750, 22, 1824]
2019	04	26	17	43	45	Aewheros	K9us	Prismarine Shard	0.0	0.0	64	world	[-2750, 22, 1824]
2019	04	26	17	43	46	Aewheros	K9us	Prismarine Shard	0.0	0.0	64	world	[-2750, 22, 1824]
2019	04	26	17	45	25	Aewheros	K9us	Prismarine Shard	0.0	0.0	64	world	[-2750, 22, 1824]
2019	04	26	17	45	26	Aewheros	K9us	Prismarine Shard	0.0	0.0	64	world	[-2750, 22, 1824]
2019	04	26	17	45	26	Aewheros	K9us	Prismarine Shard	0.0	0.0	64	world	[-2749, 22, 1824]
2019	04	26	17	45	27	Aewheros	K9us	Prismarine Shard	0.0	0.0	64	world	[-2749, 22, 1824]
2019	04	26	17	45	27	Aewheros	K9us	Prismarine Shard	0.0	0.0	64	world	[-2749, 22, 1824]
2019	04	26	17	45	28	Aewheros	K9us	Prismarine Shard	0.0	0.0	64	world	[-2749, 22, 1824]
2019	04	26	17	45	29	Aewheros	K9us	Prismarine Shard	0.0	0.0	64	world	[-2749, 22, 1824]
2019	04	26	17	45	29	Aewheros	K9us	Prismarine Shard	0.0	0.0	64	world	[-2749, 22, 1824]
2019	04	26	17	45	30	Aewheros	K9us	Prismarine Shard	0.0	0.0	64	world	[-2749, 22, 1824]
2019	04	26	17	45	30	Aewheros	K9us	Prismarine Shard	0.0	0.0	64	world	[-2749, 22, 1824]
2019	04	26	17	45	31	Aewheros	K9us	Prismarine Shard	0.0	0.0	64	world	[-2749, 22, 1824]
2019	04	26	17	45	32	Aewheros	K9us	Prismarine Shard	0.0	0.0	64	world	[-2749, 22, 1824]
2019	04	26	17	45	32	Aewheros	K9us	Prismarine Shard	0.0	0.0	64	world	[-2749, 22, 1824]
2019	04	26	17	45	33	Aewheros	K9us	Prismarine Shard	0.0	0.0	64	world	[-2750, 22, 1824]
2019	04	26	17	45	33	Aewheros	K9us	Prismarine Shard	0.0	0.0	64	world	[-2750, 22, 1824]
2019	04	26	17	45	34	Aewheros	K9us	Prismarine Shard	0.0	0.0	63	world	[-2750, 22, 1824]
2019	04	26	17	45	53	Aewheros	K9us	Prismarine Shard	0.0	0.0	63	world	[-2746, 22, 1824]
2019	04	26	17	45	57	Aewheros	K9us	Prismarine Shard	0.0	0.0	64	world	[-2749, 22, 1824]
2019	04	26	17	45	57	Aewheros	K9us	Prismarine Shard	0.0	0.0	64	world	[-2749, 22, 1824]
2019	04	26	17	45	58	Aewheros	K9us	Prismarine Shard	0.0	0.0	64	world	[-2749, 22, 1824]
2019	04	26	17	45	59	Aewheros	K9us	Prismarine Shard	0.0	0.0	64	world	[-2749, 22, 1824]
2019	04	26	17	45	59	Aewheros	K9us	Prismarine Shard	0.0	0.0	64	world	[-2749, 22, 1824]
2019	04	26	17	46	00	Aewheros	K9us	Prismarine Shard	0.0	0.0	64	world	[-2749, 22, 1824]
2019	04	26	17	46	01	Aewheros	K9us	Prismarine Shard	0.0	0.0	64	world	[-2749, 22, 1824]
2019	04	26	17	46	01	Aewheros	K9us	Prismarine Shard	0.0	0.0	64	world	[-2749, 22, 1824]
2019	04	26	17	46	02	Aewheros	K9us	Prismarine Shard	0.0	0.0	64	world	[-2749, 22, 1824]
2019	04	26	17	46	02	Aewheros	K9us	Prismarine Shard	0.0	0.0	64	world	[-2749, 22, 1824]
2019	04	26	17	46	03	Aewheros	K9us	Prismarine Shard	0.0	0.0	61	world	[-2749, 22, 1824]
2019	04	26	17	46	05	Aewheros	K9us	Prismarine Shard	0.0	0.0	64	world	[-2750, 22, 1824]
2019	04	26	17	46	05	Aewheros	K9us	Prismarine Shard	0.0	0.0	64	world	[-2750, 22, 1824]
2019	04	26	17	46	06	Aewheros	K9us	Prismarine Shard	0.0	0.0	64	world	[-2750, 22, 1824]
2019	04	26	17	46	07	Aewheros	K9us	Prismarine Shard	0.0	0.0	64	world	[-2750, 22, 1824]
2019	04	26	17	46	07	Aewheros	K9us	Prismarine Shard	0.0	0.0	64	world	[-2750, 22, 1824]
2019	04	26	17	46	08	Aewheros	K9us	Prismarine Shard	0.0	0.0	64	world	[-2750, 22, 1824]
2019	04	26	17	46	08	Aewheros	K9us	Prismarine Shard	0.0	0.0	64	world	[-2750, 22, 1824]
2019	04	26	17	46	09	Aewheros	K9us	Prismarine Shard	0.0	0.0	64	world	[-2750, 22, 1824]
2019	04	26	17	46	10	Aewheros	K9us	Prismarine Shard	0.0	0.0	61	world	[-2750, 22, 1824]
2019	04	26	17	46	49	Aewheros	K9us	Prismarine Shard	0.0	0.0	64	world	[-2750, 22, 1824]
2019	04	26	17	46	50	Aewheros	K9us	Prismarine Shard	0.0	0.0	64	world	[-2750, 22, 1824]
2019	04	26	17	46	50	Aewheros	K9us	Prismarine Shard	0.0	0.0	64	world	[-2750, 22, 1824]
2019	04	26	17	46	51	Aewheros	K9us	Prismarine Shard	0.0	0.0	64	world	[-2750, 22, 1824]
2019	04	26	17	46	52	Aewheros	K9us	Prismarine Shard	0.0	0.0	64	world	[-2750, 22, 1824]
2019	04	26	17	46	52	Aewheros	K9us	Prismarine Shard	0.0	0.0	64	world	[-2750, 22, 1824]
2019	04	26	17	46	53	Aewheros	K9us	Prismarine Shard	0.0	0.0	64	world	[-2750, 22, 1824]
2019	04	26	17	46	53	Aewheros	K9us	Prismarine Shard	0.0	0.0	64	world	[-2750, 22, 1824]
2019	04	26	17	46	54	Aewheros	K9us	Prismarine Shard	0.0	0.0	64	world	[-2750, 22, 1824]
2019	04	26	17	46	55	Aewheros	K9us	Prismarine Shard	0.0	0.0	64	world	[-2750, 22, 1824]
2019	04	26	17	46	55	Aewheros	K9us	Prismarine Shard	0.0	0.0	64	world	[-2750, 22, 1824]
2019	04	26	17	46	56	Aewheros	K9us	Prismarine Shard	0.0	0.0	64	world	[-2750, 22, 1824]
2019	04	26	17	46	56	Aewheros	K9us	Prismarine Shard	0.0	0.0	64	world	[-2750, 22, 1824]
2019	04	26	17	46	57	Aewheros	K9us	Prismarine Shard	0.0	0.0	64	world	[-2750, 22, 1824]
2019	04	26	17	46	58	Aewheros	K9us	Prismarine Shard	0.0	0.0	64	world	[-2750, 22, 1824]
2019	04	26	17	46	58	Aewheros	K9us	Prismarine Shard	0.0	0.0	4	world	[-2750, 22, 1824]
2019	04	26	17	47	11	Aewheros	K9us	Prismarine Shard	0.0	0.0	33	world	[-2749, 22, 1824]
2019	04	26	17	47	12	Aewheros	K9us	Prismarine Shard	0.0	0.0	64	world	[-2750, 22, 1824]
2019	04	26	17	47	13	Aewheros	K9us	Prismarine Shard	0.0	0.0	64	world	[-2750, 22, 1824]
2019	04	26	17	47	14	Aewheros	K9us	Prismarine Shard	0.0	0.0	64	world	[-2750, 22, 1824]
2019	04	26	17	47	14	Aewheros	K9us	Prismarine Shard	0.0	0.0	64	world	[-2750, 22, 1824]
2019	04	26	17	47	15	Aewheros	K9us	Prismarine Shard	0.0	0.0	64	world	[-2750, 22, 1824]
2019	04	26	17	47	15	Aewheros	K9us	Prismarine Shard	0.0	0.0	64	world	[-2750, 22, 1824]
2019	04	26	17	47	16	Aewheros	K9us	Prismarine Shard	0.0	0.0	64	world	[-2750, 22, 1824]
2019	04	26	17	47	17	Aewheros	K9us	Prismarine Shard	0.0	0.0	64	world	[-2750, 22, 1824]
2019	04	26	17	47	17	Aewheros	K9us	Prismarine Shard	0.0	0.0	64	world	[-2750, 22, 1824]
2019	04	26	17	47	18	Aewheros	K9us	Prismarine Shard	0.0	0.0	64	world	[-2750, 22, 1824]
2019	04	26	17	47	19	Aewheros	K9us	Prismarine Shard	0.0	0.0	64	world	[-2750, 22, 1824]
2019	04	26	17	47	19	Aewheros	K9us	Prismarine Shard	0.0	0.0	64	world	[-2750, 22, 1824]
2019	04	26	17	47	20	Aewheros	K9us	Prismarine Shard	0.0	0.0	64	world	[-2750, 22, 1824]
2019	04	26	17	47	20	Aewheros	K9us	Prismarine Shard	0.0	0.0	30	world	[-2750, 22, 1824]
2019	04	26	17	47	55	Aewheros	K9us	Prismarine Shard	0.0	0.0	64	world	[-2750, 22, 1824]
2019	04	26	17	47	55	Aewheros	K9us	Prismarine Shard	0.0	0.0	64	world	[-2750, 22, 1824]
2019	04	26	17	47	56	Aewheros	K9us	Prismarine Shard	0.0	0.0	64	world	[-2750, 22, 1824]
2019	04	26	17	47	57	Aewheros	K9us	Prismarine Shard	0.0	0.0	64	world	[-2750, 22, 1824]
2019	04	26	17	47	57	Aewheros	K9us	Prismarine Shard	0.0	0.0	64	world	[-2750, 22, 1824]
2019	04	26	17	47	58	Aewheros	K9us	Prismarine Shard	0.0	0.0	64	world	[-2750, 22, 1824]
2019	04	26	17	47	58	Aewheros	K9us	Prismarine Shard	0.0	0.0	64	world	[-2750, 22, 1824]
2019	04	26	17	47	59	Aewheros	K9us	Prismarine Shard	0.0	0.0	64	world	[-2750, 22, 1824]
2019	04	26	17	48	00	Aewheros	K9us	Prismarine Shard	0.0	0.0	64	world	[-2750, 22, 1824]
2019	04	26	17	48	00	Aewheros	K9us	Prismarine Shard	0.0	0.0	64	world	[-2750, 22, 1824]
2019	04	26	17	48	01	Aewheros	K9us	Prismarine Shard	0.0	0.0	64	world	[-2750, 22, 1824]
2019	04	26	17	48	02	Aewheros	K9us	Prismarine Shard	0.0	0.0	64	world	[-2750, 22, 1824]
2019	04	26	17	48	02	Aewheros	K9us	Prismarine Shard	0.0	0.0	64	world	[-2750, 22, 1824]
2019	04	26	17	48	03	Aewheros	K9us	Prismarine Shard	0.0	0.0	64	world	[-2750, 22, 1824]
2019	04	26	17	48	03	Aewheros	K9us	Prismarine Shard	0.0	0.0	59	world	[-2750, 22, 1824]
2019	04	26	17	48	04	Aewheros	K9us	Prismarine Shard	0.0	0.0	2	world	[-2750, 22, 1824]
2019	04	26	17	48	05	Aewheros	K9us	Prismarine Shard	0.0	0.0	1	world	[-2750, 22, 1824]
2019	04	26	17	48	28	Aewheros	K9us	Prismarine Shard	0.0	0.0	57	world	[-2750, 22, 1824]
2019	04	26	17	48	28	Aewheros	K9us	Prismarine Shard	0.0	0.0	2	world	[-2750, 22, 1824]
2019	05	25	09	40	27	Aewheros	K9us	Prismarine Shard	0.0	0.0	64	world	[-2748, 22, 1824]
2019	06	12	17	51	50	AspenGamgee	sharonclaws	Prismarine Shard	1.0	64.0	64	world	[-2506, 23, 2815]
2019	06	12	17	51	51	AspenGamgee	sharonclaws	Prismarine Shard	1.0	64.0	64	world	[-2506, 23, 2815]
2019	06	13	12	23	10	NiCe69	K9us	Prismarine Shard	8.0	512.0	64	world	[-1844, 21, 1575]
2019	06	13	12	23	16	NiCe69	K9us	Prismarine Shard	9.0	576.0	64	world	[-1844, 20, 1575]
2019	06	13	12	23	17	NiCe69	K9us	Prismarine Shard	9.0	576.0	64	world	[-1844, 20, 1575]
2019	06	13	12	44	03	NiCe69	K9us	Prismarine Shard	2.0	128.0	64	world	[-1844, 27, 1575]
2019	06	13	12	44	04	NiCe69	K9us	Prismarine Shard	2.0	128.0	64	world	[-1844, 27, 1575]
2019	06	13	12	44	04	NiCe69	K9us	Prismarine Shard	2.0	128.0	64	world	[-1844, 27, 1575]
2019	06	13	12	44	05	NiCe69	K9us	Prismarine Shard	2.0	128.0	64	world	[-1844, 27, 1575]
2019	06	13	12	44	06	NiCe69	K9us	Prismarine Shard	2.0	128.0	64	world	[-1844, 27, 1575]
2019	06	13	12	44	07	NiCe69	K9us	Prismarine Shard	2.0	128.0	64	world	[-1844, 27, 1575]
2019	06	13	12	44	08	NiCe69	K9us	Prismarine Shard	2.0	128.0	64	world	[-1844, 27, 1575]
2019	06	13	12	44	09	NiCe69	K9us	Prismarine Shard	2.0	128.0	64	world	[-1844, 27, 1575]
2019	06	13	12	44	09	NiCe69	K9us	Prismarine Shard	2.0	128.0	64	world	[-1844, 27, 1575]
2019	06	13	12	44	11	NiCe69	K9us	Prismarine Shard	2.0	128.0	64	world	[-1844, 27, 1575]
2019	06	13	12	44	11	NiCe69	K9us	Prismarine Shard	2.0	128.0	64	world	[-1844, 27, 1575]
2019	06	13	12	44	12	NiCe69	K9us	Prismarine Shard	2.0	128.0	64	world	[-1844, 27, 1575]
2019	06	13	12	44	12	NiCe69	K9us	Prismarine Shard	2.0	128.0	64	world	[-1844, 27, 1575]
2019	06	13	12	44	14	NiCe69	K9us	Prismarine Shard	2.0	128.0	64	world	[-1844, 27, 1575]
2019	06	13	12	44	15	NiCe69	K9us	Prismarine Shard	2.0	128.0	64	world	[-1844, 27, 1575]
2019	06	13	12	44	16	NiCe69	K9us	Prismarine Shard	2.0	128.0	64	world	[-1844, 27, 1575]
2019	06	13	12	44	17	NiCe69	K9us	Prismarine Shard	2.0	128.0	64	world	[-1844, 27, 1575]
2019	06	13	12	44	18	NiCe69	K9us	Prismarine Shard	2.0	128.0	64	world	[-1844, 27, 1575]
2019	06	13	12	44	19	NiCe69	K9us	Prismarine Shard	2.0	128.0	64	world	[-1844, 27, 1575]
2019	06	13	12	44	20	NiCe69	K9us	Prismarine Shard	2.0	128.0	64	world	[-1844, 27, 1575]
2019	06	13	12	44	21	NiCe69	K9us	Prismarine Shard	2.0	128.0	64	world	[-1844, 27, 1575]
2019	06	13	12	44	22	NiCe69	K9us	Prismarine Shard	2.0	128.0	64	world	[-1844, 27, 1575]
2019	06	13	13	27	07	NiCe69	K9us	Prismarine Shard	2.0	128.0	64	world	[-1844, 27, 1575]
2019	06	13	13	27	10	NiCe69	K9us	Prismarine Shard	2.0	128.0	64	world	[-1844, 27, 1575]
2019	06	13	13	27	11	NiCe69	K9us	Prismarine Shard	2.0	128.0	64	world	[-1844, 27, 1575]
2019	06	13	13	27	12	NiCe69	K9us	Prismarine Shard	2.0	128.0	64	world	[-1844, 27, 1575]
2019	06	13	13	27	12	NiCe69	K9us	Prismarine Shard	2.0	128.0	64	world	[-1844, 27, 1575]
2019	06	13	13	27	13	NiCe69	K9us	Prismarine Shard	2.0	128.0	64	world	[-1844, 27, 1575]
2019	06	13	13	27	14	NiCe69	K9us	Prismarine Shard	2.0	128.0	64	world	[-1844, 27, 1575]
2019	06	13	13	27	14	NiCe69	K9us	Prismarine Shard	2.0	128.0	64	world	[-1844, 27, 1575]
2019	06	13	13	27	15	NiCe69	K9us	Prismarine Shard	2.0	128.0	64	world	[-1844, 27, 1575]
2019	06	13	13	27	16	NiCe69	K9us	Prismarine Shard	2.0	128.0	64	world	[-1844, 27, 1575]
2019	06	13	13	27	20	NiCe69	K9us	Prismarine Shard	3.0	192.0	64	world	[-1844, 26, 1575]
2019	06	13	13	27	20	NiCe69	K9us	Prismarine Shard	3.0	192.0	64	world	[-1844, 26, 1575]
2019	06	13	13	27	21	NiCe69	K9us	Prismarine Shard	3.0	192.0	64	world	[-1844, 26, 1575]
2019	06	13	13	27	24	NiCe69	K9us	Prismarine Shard	3.0	192.0	64	world	[-1844, 26, 1575]
2019	06	13	13	27	25	NiCe69	K9us	Prismarine Shard	3.0	192.0	64	world	[-1844, 26, 1575]
2019	06	13	13	27	25	NiCe69	K9us	Prismarine Shard	3.0	192.0	64	world	[-1844, 26, 1575]
2019	06	13	13	27	26	NiCe69	K9us	Prismarine Shard	4.0	256.0	64	world	[-1844, 25, 1575]
2019	06	13	13	27	27	NiCe69	K9us	Prismarine Shard	4.0	200.0	50	world	[-1844, 25, 1575]
2019	06	16	11	37	57	NiCe69	K9us	Prismarine Shard	3.0	192.0	64	world	[-1844, 26, 1575]
2019	06	16	11	37	58	NiCe69	K9us	Prismarine Shard	3.0	192.0	64	world	[-1844, 26, 1575]
2019	06	16	11	37	58	NiCe69	K9us	Prismarine Shard	3.0	192.0	64	world	[-1844, 26, 1575]
2019	06	16	11	37	59	NiCe69	K9us	Prismarine Shard	3.0	192.0	64	world	[-1844, 26, 1575]
2019	06	16	11	37	59	NiCe69	K9us	Prismarine Shard	3.0	192.0	64	world	[-1844, 26, 1575]
2019	06	16	11	38	00	NiCe69	K9us	Prismarine Shard	3.0	192.0	64	world	[-1844, 26, 1575]
2019	06	16	11	38	00	NiCe69	K9us	Prismarine Shard	3.0	192.0	64	world	[-1844, 26, 1575]
2019	06	16	11	38	01	NiCe69	K9us	Prismarine Shard	3.0	192.0	64	world	[-1844, 26, 1575]
2019	06	16	11	38	02	NiCe69	K9us	Prismarine Shard	3.0	192.0	64	world	[-1844, 26, 1575]
2019	06	16	11	38	02	NiCe69	K9us	Prismarine Shard	3.0	192.0	64	world	[-1844, 26, 1575]
2019	06	16	11	38	03	NiCe69	K9us	Prismarine Shard	3.0	192.0	64	world	[-1844, 26, 1575]
2019	06	16	11	38	04	NiCe69	K9us	Prismarine Shard	3.0	192.0	64	world	[-1844, 26, 1575]
2019	06	16	11	38	05	NiCe69	K9us	Prismarine Shard	3.0	192.0	64	world	[-1844, 26, 1575]
2019	06	16	11	38	05	NiCe69	K9us	Prismarine Shard	3.0	192.0	64	world	[-1844, 26, 1575]
2019	06	16	11	38	06	NiCe69	K9us	Prismarine Shard	3.0	192.0	64	world	[-1844, 26, 1575]
2019	06	16	11	38	07	NiCe69	K9us	Prismarine Shard	3.0	192.0	64	world	[-1844, 26, 1575]
2019	06	16	11	38	08	NiCe69	K9us	Prismarine Shard	3.0	192.0	64	world	[-1844, 26, 1575]
2019	06	16	11	38	09	NiCe69	K9us	Prismarine Shard	3.0	192.0	64	world	[-1844, 26, 1575]
2019	06	16	11	38	10	NiCe69	K9us	Prismarine Shard	3.0	192.0	64	world	[-1844, 26, 1575]
2019	06	16	11	38	12	NiCe69	K9us	Prismarine Shard	3.0	192.0	64	world	[-1844, 26, 1575]
2019	06	16	11	38	12	NiCe69	K9us	Prismarine Shard	3.0	192.0	64	world	[-1844, 26, 1575]
2019	06	16	11	38	13	NiCe69	K9us	Prismarine Shard	3.0	192.0	64	world	[-1844, 26, 1575]
2019	06	16	11	38	14	NiCe69	K9us	Prismarine Shard	3.0	192.0	64	world	[-1844, 26, 1575]
2019	06	16	11	38	14	NiCe69	K9us	Prismarine Shard	3.0	192.0	64	world	[-1844, 26, 1575]
2019	06	16	11	38	15	NiCe69	K9us	Prismarine Shard	3.0	192.0	64	world	[-1844, 26, 1575]
2019	06	16	12	08	22	NiCe69	K9us	Prismarine Shard	3.0	192.0	64	world	[-1844, 26, 1575]
2019	06	16	12	08	22	NiCe69	K9us	Prismarine Shard	3.0	192.0	64	world	[-1844, 26, 1575]
2019	06	16	12	08	23	NiCe69	K9us	Prismarine Shard	3.0	192.0	64	world	[-1844, 26, 1575]
2019	06	16	12	08	23	NiCe69	K9us	Prismarine Shard	3.0	192.0	64	world	[-1844, 26, 1575]
2019	06	16	12	08	24	NiCe69	K9us	Prismarine Shard	3.0	192.0	64	world	[-1844, 26, 1575]
2019	06	16	12	08	25	NiCe69	K9us	Prismarine Shard	3.0	192.0	64	world	[-1844, 26, 1575]
2019	06	16	12	08	25	NiCe69	K9us	Prismarine Shard	3.0	192.0	64	world	[-1844, 26, 1575]
2019	06	16	12	08	26	NiCe69	K9us	Prismarine Shard	3.0	192.0	64	world	[-1844, 26, 1575]
2019	06	16	12	08	27	NiCe69	K9us	Prismarine Shard	3.0	192.0	64	world	[-1844, 26, 1575]
2019	06	16	12	08	27	NiCe69	K9us	Prismarine Shard	3.0	192.0	64	world	[-1844, 26, 1575]
2019	06	16	12	08	28	NiCe69	K9us	Prismarine Shard	3.0	192.0	64	world	[-1844, 26, 1575]
2019	06	16	12	08	28	NiCe69	K9us	Prismarine Shard	3.0	192.0	64	world	[-1844, 26, 1575]
2019	06	16	12	08	29	NiCe69	K9us	Prismarine Shard	3.0	192.0	64	world	[-1844, 26, 1575]
2019	06	16	12	08	29	NiCe69	K9us	Prismarine Shard	3.0	192.0	64	world	[-1844, 26, 1575]
2019	06	16	12	08	30	NiCe69	K9us	Prismarine Shard	3.0	192.0	64	world	[-1844, 26, 1575]
2019	06	16	12	08	30	NiCe69	K9us	Prismarine Shard	3.0	192.0	64	world	[-1844, 26, 1575]
2019	06	16	12	08	31	NiCe69	K9us	Prismarine Shard	3.0	192.0	64	world	[-1844, 26, 1575]
2019	06	16	12	08	32	NiCe69	K9us	Prismarine Shard	3.0	192.0	64	world	[-1844, 26, 1575]
2019	06	16	12	08	32	NiCe69	K9us	Prismarine Shard	3.0	192.0	64	world	[-1844, 26, 1575]
2019	06	16	12	08	34	NiCe69	K9us	Prismarine Shard	3.0	192.0	64	world	[-1844, 26, 1575]
2019	06	16	12	08	35	NiCe69	K9us	Prismarine Shard	3.0	192.0	64	world	[-1844, 26, 1575]
2019	06	16	12	08	35	NiCe69	K9us	Prismarine Shard	3.0	192.0	64	world	[-1844, 26, 1575]
2019	06	16	12	08	37	NiCe69	K9us	Prismarine Shard	3.0	192.0	64	world	[-1844, 26, 1575]
2019	06	16	12	08	37	NiCe69	K9us	Prismarine Shard	3.0	192.0	64	world	[-1844, 26, 1575]
2019	06	16	12	08	38	NiCe69	K9us	Prismarine Shard	3.0	21.0	7	world	[-1844, 26, 1575]
2019	06	16	12	09	08	NiCe69	K9us	Prismarine Shard	4.0	256.0	64	world	[-1844, 25, 1575]
2019	06	16	12	09	08	NiCe69	K9us	Prismarine Shard	4.0	256.0	64	world	[-1844, 25, 1575]
2019	06	16	12	09	09	NiCe69	K9us	Prismarine Shard	4.0	256.0	64	world	[-1844, 25, 1575]
2019	06	16	12	09	09	NiCe69	K9us	Prismarine Shard	4.0	256.0	64	world	[-1844, 25, 1575]
2019	06	16	12	09	10	NiCe69	K9us	Prismarine Shard	4.0	256.0	64	world	[-1844, 25, 1575]
2019	06	16	12	09	11	NiCe69	K9us	Prismarine Shard	4.0	256.0	64	world	[-1844, 25, 1575]
2019	06	16	12	09	12	NiCe69	K9us	Prismarine Shard	4.0	256.0	64	world	[-1844, 25, 1575]
2019	06	16	12	09	14	NiCe69	K9us	Prismarine Shard	4.0	256.0	64	world	[-1844, 25, 1575]
2019	06	16	12	35	12	NiCe69	K9us	Prismarine Shard	4.0	256.0	64	world	[-1844, 25, 1575]
2019	06	16	12	35	13	NiCe69	K9us	Prismarine Shard	4.0	256.0	64	world	[-1844, 25, 1575]
2019	06	16	12	35	13	NiCe69	K9us	Prismarine Shard	4.0	256.0	64	world	[-1844, 25, 1575]
2019	06	16	12	35	14	NiCe69	K9us	Prismarine Shard	4.0	256.0	64	world	[-1844, 25, 1575]
2019	06	16	12	35	15	NiCe69	K9us	Prismarine Shard	4.0	256.0	64	world	[-1844, 25, 1575]
2019	06	16	12	35	16	NiCe69	K9us	Prismarine Shard	4.0	256.0	64	world	[-1844, 25, 1575]
2019	06	16	12	35	16	NiCe69	K9us	Prismarine Shard	4.0	244.0	61	world	[-1844, 25, 1575]
2019	06	16	12	35	32	NiCe69	K9us	Prismarine Shard	4.0	256.0	64	world	[-1844, 25, 1575]
2019	06	16	12	35	32	NiCe69	K9us	Prismarine Shard	4.0	256.0	64	world	[-1844, 25, 1575]
2019	06	16	12	35	33	NiCe69	K9us	Prismarine Shard	4.0	256.0	64	world	[-1844, 25, 1575]
2019	06	16	12	35	33	NiCe69	K9us	Prismarine Shard	4.0	256.0	64	world	[-1844, 25, 1575]
2019	06	16	12	35	34	NiCe69	K9us	Prismarine Shard	4.0	256.0	64	world	[-1844, 25, 1575]
2019	06	16	12	35	35	NiCe69	K9us	Prismarine Shard	4.0	256.0	64	world	[-1844, 25, 1575]
2019	06	16	12	35	36	NiCe69	K9us	Prismarine Shard	4.0	256.0	64	world	[-1844, 25, 1575]
2019	06	16	12	35	36	NiCe69	K9us	Prismarine Shard	4.0	256.0	64	world	[-1844, 25, 1575]
2019	06	16	12	35	52	NiCe69	K9us	Prismarine Shard	4.0	256.0	64	world	[-1844, 25, 1575]
2019	06	16	12	35	52	NiCe69	K9us	Prismarine Shard	4.0	256.0	64	world	[-1844, 25, 1575]
2019	06	16	12	35	53	NiCe69	K9us	Prismarine Shard	4.0	256.0	64	world	[-1844, 25, 1575]
2019	06	16	12	35	54	NiCe69	K9us	Prismarine Shard	4.0	256.0	64	world	[-1844, 25, 1575]
2019	06	16	12	35	54	NiCe69	K9us	Prismarine Shard	4.0	256.0	64	world	[-1844, 25, 1575]
2019	06	16	12	35	55	NiCe69	K9us	Prismarine Shard	4.0	256.0	64	world	[-1844, 25, 1575]
2019	06	16	12	35	56	NiCe69	K9us	Prismarine Shard	4.0	256.0	64	world	[-1844, 25, 1575]
2019	06	16	12	35	56	NiCe69	K9us	Prismarine Shard	4.0	256.0	64	world	[-1844, 25, 1575]
2019	06	16	14	18	09	NiCe69	K9us	Prismarine Shard	4.0	256.0	64	world	[-1844, 25, 1575]
2019	06	16	14	18	10	NiCe69	K9us	Prismarine Shard	4.0	256.0	64	world	[-1844, 25, 1575]
2019	06	16	14	18	11	NiCe69	K9us	Prismarine Shard	4.0	256.0	64	world	[-1844, 25, 1575]
2019	06	16	14	18	12	NiCe69	K9us	Prismarine Shard	4.0	256.0	64	world	[-1844, 25, 1575]
2019	06	16	14	18	12	NiCe69	K9us	Prismarine Shard	4.0	256.0	64	world	[-1844, 25, 1575]
2019	06	16	14	18	13	NiCe69	K9us	Prismarine Shard	4.0	256.0	64	world	[-1844, 25, 1575]
2019	06	16	14	18	13	NiCe69	K9us	Prismarine Shard	4.0	256.0	64	world	[-1844, 25, 1575]
2019	06	16	14	18	14	NiCe69	K9us	Prismarine Shard	4.0	256.0	64	world	[-1844, 25, 1575]
2019	06	16	14	18	14	NiCe69	K9us	Prismarine Shard	4.0	256.0	64	world	[-1844, 25, 1575]
2019	06	16	14	18	15	NiCe69	K9us	Prismarine Shard	4.0	256.0	64	world	[-1844, 25, 1575]
2019	06	16	14	18	16	NiCe69	K9us	Prismarine Shard	4.0	256.0	64	world	[-1844, 25, 1575]
2019	06	16	14	18	17	NiCe69	K9us	Prismarine Shard	4.0	256.0	64	world	[-1844, 25, 1575]
2019	06	16	14	18	17	NiCe69	K9us	Prismarine Shard	4.0	256.0	64	world	[-1844, 25, 1575]
2019	06	16	14	18	19	NiCe69	K9us	Prismarine Shard	4.0	256.0	64	world	[-1844, 25, 1575]
2019	06	16	14	18	20	NiCe69	K9us	Prismarine Shard	4.0	256.0	64	world	[-1844, 25, 1575]
2019	06	16	14	18	21	NiCe69	K9us	Prismarine Shard	4.0	256.0	64	world	[-1844, 25, 1575]
2019	06	16	14	18	36	NiCe69	K9us	Prismarine Shard	4.0	256.0	64	world	[-1844, 25, 1575]
2019	06	16	14	18	37	NiCe69	K9us	Prismarine Shard	4.0	256.0	64	world	[-1844, 25, 1575]
2019	06	16	14	19	19	NiCe69	K9us	Prismarine Shard	4.0	256.0	64	world	[-1844, 25, 1575]
2019	06	16	14	19	20	NiCe69	K9us	Prismarine Shard	4.0	256.0	64	world	[-1844, 25, 1575]
2019	06	16	14	19	21	NiCe69	K9us	Prismarine Shard	4.0	256.0	64	world	[-1844, 25, 1575]
2019	06	16	14	19	21	NiCe69	K9us	Prismarine Shard	4.0	256.0	64	world	[-1844, 25, 1575]
2019	06	16	14	19	22	NiCe69	K9us	Prismarine Shard	4.0	256.0	64	world	[-1844, 25, 1575]
2019	06	16	14	19	22	NiCe69	K9us	Prismarine Shard	4.0	256.0	64	world	[-1844, 25, 1575]
2019	06	16	14	19	23	NiCe69	K9us	Prismarine Shard	4.0	256.0	64	world	[-1844, 25, 1575]
2019	06	16	14	19	24	NiCe69	K9us	Prismarine Shard	4.0	256.0	64	world	[-1844, 25, 1575]
2019	06	16	14	19	24	NiCe69	K9us	Prismarine Shard	4.0	256.0	64	world	[-1844, 25, 1575]
2019	06	16	14	19	25	NiCe69	K9us	Prismarine Shard	4.0	40.0	10	world	[-1844, 25, 1575]
2019	06	16	14	19	28	NiCe69	K9us	Prismarine Shard	5.0	320.0	64	world	[-1844, 24, 1575]
2019	06	16	14	19	29	NiCe69	K9us	Prismarine Shard	5.0	130.0	26	world	[-1844, 24, 1575]
2019	06	26	16	25	57	Oaken_Ralph	sharonclaws	Prismarine Shard	1.0	64.0	64	world	[-2505, 23, 2815]
2019	06	26	16	26	00	Oaken_Ralph	sharonclaws	Prismarine Shard	1.0	64.0	64	world	[-2505, 23, 2815]
2019	06	26	16	26	00	Oaken_Ralph	sharonclaws	Prismarine Shard	1.0	64.0	64	world	[-2505, 23, 2815]
2019	06	26	16	26	01	Oaken_Ralph	sharonclaws	Prismarine Shard	1.0	64.0	64	world	[-2505, 23, 2815]
2019	06	26	16	26	02	Oaken_Ralph	sharonclaws	Prismarine Shard	1.0	64.0	64	world	[-2505, 23, 2815]
2019	06	26	16	26	02	Oaken_Ralph	sharonclaws	Prismarine Shard	1.0	64.0	64	world	[-2505, 23, 2815]
2019	06	26	16	26	08	Oaken_Ralph	sharonclaws	Prismarine Shard	1.0	64.0	64	world	[-2505, 23, 2815]
2019	06	26	16	26	11	Oaken_Ralph	sharonclaws	Prismarine Shard	1.0	64.0	64	world	[-2505, 23, 2815]
2019	06	26	16	26	28	Oaken_Ralph	sharonclaws	Prismarine Shard	1.0	64.0	64	world	[-2505, 23, 2815]
2019	06	26	16	26	29	Oaken_Ralph	sharonclaws	Prismarine Shard	1.0	64.0	64	world	[-2505, 23, 2815]
2019	06	26	16	26	29	Oaken_Ralph	sharonclaws	Prismarine Shard	1.0	64.0	64	world	[-2505, 23, 2815]
2019	06	26	16	26	30	Oaken_Ralph	sharonclaws	Prismarine Shard	1.0	64.0	64	world	[-2505, 23, 2815]
2019	06	26	16	26	31	Oaken_Ralph	sharonclaws	Prismarine Shard	1.0	64.0	64	world	[-2505, 23, 2815]
2019	06	26	16	26	31	Oaken_Ralph	sharonclaws	Prismarine Shard	1.0	64.0	64	world	[-2505, 23, 2815]
2019	06	26	16	26	33	Oaken_Ralph	sharonclaws	Prismarine Shard	1.0	64.0	64	world	[-2505, 23, 2815]
2019	06	26	16	26	33	Oaken_Ralph	sharonclaws	Prismarine Shard	1.0	64.0	64	world	[-2505, 23, 2815]
2019	06	26	16	27	11	Oaken_Ralph	sharonclaws	Prismarine Shard	1.0	64.0	64	world	[-2505, 23, 2815]
2019	06	26	16	27	12	Oaken_Ralph	sharonclaws	Prismarine Shard	1.0	64.0	64	world	[-2505, 23, 2815]
2019	06	26	16	27	13	Oaken_Ralph	sharonclaws	Prismarine Shard	1.0	64.0	64	world	[-2505, 23, 2815]
2019	06	26	16	27	13	Oaken_Ralph	sharonclaws	Prismarine Shard	1.0	64.0	64	world	[-2505, 23, 2815]
2019	06	26	16	27	14	Oaken_Ralph	sharonclaws	Prismarine Shard	1.0	64.0	64	world	[-2505, 23, 2815]
2019	06	26	16	27	15	Oaken_Ralph	sharonclaws	Prismarine Shard	1.0	64.0	64	world	[-2505, 23, 2815]
2019	06	26	16	27	15	Oaken_Ralph	sharonclaws	Prismarine Shard	1.0	64.0	64	world	[-2505, 23, 2815]
2019	06	26	16	27	16	Oaken_Ralph	sharonclaws	Prismarine Shard	1.0	64.0	64	world	[-2505, 23, 2815]
2019	07	03	13	45	35	Oaken_Ralph	K9us	Prismarine Shard	5.0	5.0	1	world	[-1844, 24, 1575]
2019	07	03	13	46	57	Oaken_Ralph	K9us	Prismarine Shard	5.0	320.0	64	world	[-1844, 24, 1575]
2019	07	03	13	46	58	Oaken_Ralph	K9us	Prismarine Shard	5.0	320.0	64	world	[-1844, 24, 1575]
2019	07	03	13	46	59	Oaken_Ralph	K9us	Prismarine Shard	5.0	320.0	64	world	[-1844, 24, 1575]
2019	07	03	13	46	59	Oaken_Ralph	K9us	Prismarine Shard	5.0	320.0	64	world	[-1844, 24, 1575]
2019	07	03	13	47	00	Oaken_Ralph	K9us	Prismarine Shard	5.0	320.0	64	world	[-1844, 24, 1575]
2019	07	03	13	47	01	Oaken_Ralph	K9us	Prismarine Shard	5.0	320.0	64	world	[-1844, 24, 1575]
2019	07	03	13	47	01	Oaken_Ralph	K9us	Prismarine Shard	5.0	320.0	64	world	[-1844, 24, 1575]
2019	07	03	13	47	04	Oaken_Ralph	K9us	Prismarine Shard	5.0	320.0	64	world	[-1844, 24, 1575]
2019	07	03	13	47	49	Oaken_Ralph	K9us	Prismarine Shard	5.0	320.0	64	world	[-1844, 24, 1575]
2019	07	03	13	47	51	Oaken_Ralph	K9us	Prismarine Shard	5.0	320.0	64	world	[-1844, 24, 1575]
2019	07	03	13	47	52	Oaken_Ralph	K9us	Prismarine Shard	5.0	320.0	64	world	[-1844, 24, 1575]
2019	07	03	13	47	52	Oaken_Ralph	K9us	Prismarine Shard	5.0	320.0	64	world	[-1844, 24, 1575]
2019	07	03	13	47	53	Oaken_Ralph	K9us	Prismarine Shard	5.0	320.0	64	world	[-1844, 24, 1575]
2019	07	03	13	47	53	Oaken_Ralph	K9us	Prismarine Shard	5.0	320.0	64	world	[-1844, 24, 1575]
2019	07	03	13	47	54	Oaken_Ralph	K9us	Prismarine Shard	5.0	320.0	64	world	[-1844, 24, 1575]
2019	07	03	13	47	54	Oaken_Ralph	K9us	Prismarine Shard	5.0	320.0	64	world	[-1844, 24, 1575]
2019	07	03	14	00	38	Oaken_Ralph	K9us	Prismarine Shard	5.0	320.0	64	world	[-1844, 24, 1575]
2019	07	03	14	00	38	Oaken_Ralph	K9us	Prismarine Shard	5.0	320.0	64	world	[-1844, 24, 1575]
2019	07	03	14	00	39	Oaken_Ralph	K9us	Prismarine Shard	5.0	320.0	64	world	[-1844, 24, 1575]
2019	07	03	14	00	40	Oaken_Ralph	K9us	Prismarine Shard	5.0	320.0	64	world	[-1844, 24, 1575]
2019	07	03	14	00	40	Oaken_Ralph	K9us	Prismarine Shard	5.0	320.0	64	world	[-1844, 24, 1575]
2019	07	03	14	00	41	Oaken_Ralph	K9us	Prismarine Shard	5.0	320.0	64	world	[-1844, 24, 1575]
2019	07	03	14	00	41	Oaken_Ralph	K9us	Prismarine Shard	5.0	320.0	64	world	[-1844, 24, 1575]
2019	07	03	14	00	42	Oaken_Ralph	K9us	Prismarine Shard	5.0	320.0	64	world	[-1844, 24, 1575]
2019	07	03	17	38	57	Oaken_Ralph	K9us	Prismarine Shard	5.0	320.0	64	world	[-1844, 24, 1575]
2019	07	15	10	30	06	Aewheros	K9us	Prismarine Shard	4.0	4.0	1	world	[-2750, 19, 1824]
2019	07	15	10	30	24	Aewheros	K9us	Prismarine Shard	4.0	4.0	1	world	[-2750, 19, 1824]
2019	07	25	12	41	55	Aewheros	sharonclaws	Prismarine Shard	1.0	64.0	64	world	[-2504, 26, 2815]
2019	07	28	01	31	26	__Wildfire_	K9us	Prismarine Shard	4.0	256.0	64	world	[-1844, 25, 1575]
2019	07	28	01	31	26	__Wildfire_	K9us	Prismarine Shard	4.0	256.0	64	world	[-1844, 25, 1575]
2019	07	28	01	31	27	__Wildfire_	K9us	Prismarine Shard	4.0	256.0	64	world	[-1844, 25, 1575]
2019	07	28	01	31	27	__Wildfire_	K9us	Prismarine Shard	4.0	256.0	64	world	[-1844, 25, 1575]
2019	07	28	01	31	28	__Wildfire_	K9us	Prismarine Shard	4.0	112.0	28	world	[-1844, 25, 1575]
2019	07	28	01	31	30	__Wildfire_	K9us	Prismarine Shard	5.0	320.0	64	world	[-1844, 24, 1575]
2019	07	28	01	31	31	__Wildfire_	K9us	Prismarine Shard	5.0	320.0	64	world	[-1844, 24, 1575]
2019	07	28	01	31	32	__Wildfire_	K9us	Prismarine Shard	5.0	320.0	64	world	[-1844, 24, 1575]
2019	07	28	01	31	33	__Wildfire_	K9us	Prismarine Shard	5.0	320.0	64	world	[-1844, 24, 1575]
2019	07	28	01	31	33	__Wildfire_	K9us	Prismarine Shard	5.0	320.0	64	world	[-1844, 24, 1575]
2019	07	28	01	31	34	__Wildfire_	K9us	Prismarine Shard	5.0	320.0	64	world	[-1844, 24, 1575]
2019	07	28	01	31	34	__Wildfire_	K9us	Prismarine Shard	5.0	320.0	64	world	[-1844, 24, 1575]
2019	07	28	01	31	35	__Wildfire_	K9us	Prismarine Shard	5.0	320.0	64	world	[-1844, 24, 1575]
2019	07	28	01	31	36	__Wildfire_	K9us	Prismarine Shard	5.0	320.0	64	world	[-1844, 24, 1575]
2019	07	28	01	31	37	__Wildfire_	K9us	Prismarine Shard	5.0	320.0	64	world	[-1844, 24, 1575]
2019	07	28	01	31	37	__Wildfire_	K9us	Prismarine Shard	5.0	320.0	64	world	[-1844, 24, 1575]
2019	07	28	01	31	38	__Wildfire_	K9us	Prismarine Shard	5.0	320.0	64	world	[-1844, 24, 1575]
2019	07	28	01	31	39	__Wildfire_	K9us	Prismarine Shard	5.0	320.0	64	world	[-1844, 24, 1575]
2019	07	28	01	31	39	__Wildfire_	K9us	Prismarine Shard	5.0	320.0	64	world	[-1844, 24, 1575]
2019	07	28	01	31	40	__Wildfire_	K9us	Prismarine Shard	5.0	320.0	64	world	[-1844, 24, 1575]
2019	07	28	01	31	40	__Wildfire_	K9us	Prismarine Shard	5.0	320.0	64	world	[-1844, 24, 1575]
2019	07	28	01	31	41	__Wildfire_	K9us	Prismarine Shard	5.0	320.0	64	world	[-1844, 24, 1575]
2019	07	28	01	31	42	__Wildfire_	K9us	Prismarine Shard	5.0	320.0	64	world	[-1844, 24, 1575]
2019	07	28	01	31	42	__Wildfire_	K9us	Prismarine Shard	5.0	320.0	64	world	[-1844, 24, 1575]
2019	07	28	01	31	43	__Wildfire_	K9us	Prismarine Shard	5.0	320.0	64	world	[-1844, 24, 1575]
2019	07	28	01	31	44	__Wildfire_	K9us	Prismarine Shard	5.0	180.0	36	world	[-1844, 24, 1575]
2019	07	28	01	32	54	__Wildfire_	K9us	Prismarine Shard	5.0	320.0	64	world	[-1844, 24, 1575]
2019	07	28	01	32	55	__Wildfire_	K9us	Prismarine Shard	5.0	320.0	64	world	[-1844, 24, 1575]
2019	07	28	01	32	55	__Wildfire_	K9us	Prismarine Shard	5.0	320.0	64	world	[-1844, 24, 1575]
2019	07	28	01	32	56	__Wildfire_	K9us	Prismarine Shard	5.0	320.0	64	world	[-1844, 24, 1575]
2019	07	28	01	32	57	__Wildfire_	K9us	Prismarine Shard	5.0	320.0	64	world	[-1844, 24, 1575]
2019	07	28	01	32	58	__Wildfire_	K9us	Prismarine Shard	5.0	320.0	64	world	[-1844, 24, 1575]
2019	07	28	01	32	58	__Wildfire_	K9us	Prismarine Shard	5.0	320.0	64	world	[-1844, 24, 1575]
2019	07	28	01	32	59	__Wildfire_	K9us	Prismarine Shard	5.0	320.0	64	world	[-1844, 24, 1575]
2019	07	28	01	32	59	__Wildfire_	K9us	Prismarine Shard	5.0	320.0	64	world	[-1844, 24, 1575]
2019	07	28	01	33	00	__Wildfire_	K9us	Prismarine Shard	5.0	320.0	64	world	[-1844, 24, 1575]
2019	07	28	01	33	01	__Wildfire_	K9us	Prismarine Shard	5.0	320.0	64	world	[-1844, 24, 1575]
2019	07	28	01	33	01	__Wildfire_	K9us	Prismarine Shard	5.0	320.0	64	world	[-1844, 24, 1575]
2019	07	28	01	33	02	__Wildfire_	K9us	Prismarine Shard	5.0	320.0	64	world	[-1844, 24, 1575]
2019	07	28	01	33	02	__Wildfire_	K9us	Prismarine Shard	5.0	130.0	26	world	[-1844, 24, 1575]
2019	07	28	01	33	05	__Wildfire_	K9us	Prismarine Shard	6.0	384.0	64	world	[-1844, 23, 1575]
2019	07	28	01	33	05	__Wildfire_	K9us	Prismarine Shard	6.0	384.0	64	world	[-1844, 23, 1575]
2019	07	28	01	33	06	__Wildfire_	K9us	Prismarine Shard	6.0	384.0	64	world	[-1844, 23, 1575]
2019	07	28	01	33	06	__Wildfire_	K9us	Prismarine Shard	6.0	228.0	38	world	[-1844, 23, 1575]
2019	07	28	01	33	34	__Wildfire_	K9us	Prismarine Shard	6.0	384.0	64	world	[-1844, 23, 1575]
2019	07	28	01	33	35	__Wildfire_	K9us	Prismarine Shard	6.0	384.0	64	world	[-1844, 23, 1575]
2019	07	28	01	33	35	__Wildfire_	K9us	Prismarine Shard	6.0	384.0	64	world	[-1844, 23, 1575]
2019	07	28	01	33	36	__Wildfire_	K9us	Prismarine Shard	6.0	384.0	64	world	[-1844, 23, 1575]
2019	07	28	01	33	37	__Wildfire_	K9us	Prismarine Shard	6.0	384.0	64	world	[-1844, 23, 1575]
2019	07	28	01	33	37	__Wildfire_	K9us	Prismarine Shard	6.0	384.0	64	world	[-1844, 23, 1575]
2019	07	28	01	33	38	__Wildfire_	K9us	Prismarine Shard	6.0	384.0	64	world	[-1844, 23, 1575]
2019	07	28	01	33	39	__Wildfire_	K9us	Prismarine Shard	6.0	384.0	64	world	[-1844, 23, 1575]
2019	07	28	01	33	39	__Wildfire_	K9us	Prismarine Shard	6.0	384.0	64	world	[-1844, 23, 1575]
2019	07	28	01	33	40	__Wildfire_	K9us	Prismarine Shard	6.0	384.0	64	world	[-1844, 23, 1575]
2019	07	28	01	33	40	__Wildfire_	K9us	Prismarine Shard	6.0	384.0	64	world	[-1844, 23, 1575]
2019	07	28	01	33	41	__Wildfire_	K9us	Prismarine Shard	6.0	384.0	64	world	[-1844, 23, 1575]
2019	07	28	01	33	42	__Wildfire_	K9us	Prismarine Shard	6.0	384.0	64	world	[-1844, 23, 1575]
2019	07	28	01	33	42	__Wildfire_	K9us	Prismarine Shard	6.0	384.0	64	world	[-1844, 23, 1575]
2019	07	28	01	33	43	__Wildfire_	K9us	Prismarine Shard	6.0	384.0	64	world	[-1844, 23, 1575]
2019	07	28	01	33	44	__Wildfire_	K9us	Prismarine Shard	6.0	384.0	64	world	[-1844, 23, 1575]
2019	07	28	01	34	20	__Wildfire_	K9us	Prismarine Shard	11.0	704.0	64	world	[-1844, 18, 1575]
2019	07	28	01	34	21	__Wildfire_	K9us	Prismarine Shard	10.0	640.0	64	world	[-1844, 19, 1575]
2019	07	28	01	34	22	__Wildfire_	K9us	Prismarine Shard	9.0	576.0	64	world	[-1844, 20, 1575]
2019	07	28	01	34	29	__Wildfire_	K9us	Prismarine Shard	7.0	448.0	64	world	[-1844, 22, 1575]
2019	07	28	01	34	30	__Wildfire_	K9us	Prismarine Shard	7.0	448.0	64	world	[-1844, 22, 1575]
2019	07	28	01	34	30	__Wildfire_	K9us	Prismarine Shard	6.0	384.0	64	world	[-1844, 23, 1575]
2019	07	28	01	34	34	__Wildfire_	K9us	Prismarine Shard	6.0	384.0	64	world	[-1844, 23, 1575]
2019	07	28	01	34	35	__Wildfire_	K9us	Prismarine Shard	6.0	384.0	64	world	[-1844, 23, 1575]
2019	07	28	01	34	36	__Wildfire_	K9us	Prismarine Shard	6.0	384.0	64	world	[-1844, 23, 1575]
2019	07	28	01	34	36	__Wildfire_	K9us	Prismarine Shard	6.0	384.0	64	world	[-1844, 23, 1575]
2019	07	28	01	34	37	__Wildfire_	K9us	Prismarine Shard	6.0	384.0	64	world	[-1844, 23, 1575]
2019	07	28	01	34	38	__Wildfire_	K9us	Prismarine Shard	6.0	384.0	64	world	[-1844, 23, 1575]
2019	07	28	01	34	38	__Wildfire_	K9us	Prismarine Shard	6.0	384.0	64	world	[-1844, 23, 1575]
2019	07	28	01	34	39	__Wildfire_	K9us	Prismarine Shard	6.0	384.0	64	world	[-1844, 23, 1575]
2019	07	28	01	34	39	__Wildfire_	K9us	Prismarine Shard	6.0	384.0	64	world	[-1844, 23, 1575]
2019	07	28	01	34	40	__Wildfire_	K9us	Prismarine Shard	6.0	384.0	64	world	[-1844, 23, 1575]
2019	07	28	01	34	41	__Wildfire_	K9us	Prismarine Shard	6.0	384.0	64	world	[-1844, 23, 1575]
2019	07	28	01	34	41	__Wildfire_	K9us	Prismarine Shard	6.0	384.0	64	world	[-1844, 23, 1575]
2019	07	28	01	34	42	__Wildfire_	K9us	Prismarine Shard	6.0	384.0	64	world	[-1844, 23, 1575]
2019	07	28	01	34	43	__Wildfire_	K9us	Prismarine Shard	6.0	384.0	64	world	[-1844, 23, 1575]
2019	07	28	01	34	43	__Wildfire_	K9us	Prismarine Shard	6.0	384.0	64	world	[-1844, 23, 1575]
2019	07	28	01	34	44	__Wildfire_	K9us	Prismarine Shard	6.0	384.0	64	world	[-1844, 23, 1575]
2019	07	28	01	34	45	__Wildfire_	K9us	Prismarine Shard	6.0	384.0	64	world	[-1844, 23, 1575]
2019	07	28	01	34	45	__Wildfire_	K9us	Prismarine Shard	6.0	384.0	64	world	[-1844, 23, 1575]
2019	07	28	01	34	46	__Wildfire_	K9us	Prismarine Shard	6.0	384.0	64	world	[-1844, 23, 1575]
2019	07	28	01	34	47	__Wildfire_	K9us	Prismarine Shard	6.0	384.0	64	world	[-1844, 23, 1575]
2019	07	28	01	34	47	__Wildfire_	K9us	Prismarine Shard	6.0	384.0	64	world	[-1844, 23, 1575]
2019	07	28	01	34	48	__Wildfire_	K9us	Prismarine Shard	6.0	384.0	64	world	[-1844, 23, 1575]
2019	07	28	01	34	49	__Wildfire_	K9us	Prismarine Shard	6.0	384.0	64	world	[-1844, 23, 1575]
2019	07	28	01	34	49	__Wildfire_	K9us	Prismarine Shard	6.0	384.0	64	world	[-1844, 23, 1575]
2019	07	28	01	34	50	__Wildfire_	K9us	Prismarine Shard	6.0	384.0	64	world	[-1844, 23, 1575]
2019	07	28	01	34	51	__Wildfire_	K9us	Prismarine Shard	6.0	384.0	64	world	[-1844, 23, 1575]
2019	07	28	01	34	51	__Wildfire_	K9us	Prismarine Shard	6.0	342.0	57	world	[-1844, 23, 1575]
2019	07	28	01	35	22	__Wildfire_	K9us	Prismarine Shard	6.0	384.0	64	world	[-1844, 23, 1575]
2019	07	28	01	35	23	__Wildfire_	K9us	Prismarine Shard	6.0	384.0	64	world	[-1844, 23, 1575]
2019	07	28	01	35	24	__Wildfire_	K9us	Prismarine Shard	6.0	384.0	64	world	[-1844, 23, 1575]
2019	07	28	01	35	24	__Wildfire_	K9us	Prismarine Shard	6.0	384.0	64	world	[-1844, 23, 1575]
2019	07	28	01	35	25	__Wildfire_	K9us	Prismarine Shard	6.0	384.0	64	world	[-1844, 23, 1575]
2019	07	28	01	35	25	__Wildfire_	K9us	Prismarine Shard	6.0	384.0	64	world	[-1844, 23, 1575]
2019	07	28	01	35	26	__Wildfire_	K9us	Prismarine Shard	6.0	384.0	64	world	[-1844, 23, 1575]
2019	07	28	01	35	27	__Wildfire_	K9us	Prismarine Shard	6.0	384.0	64	world	[-1844, 23, 1575]
2019	07	28	01	35	28	__Wildfire_	K9us	Prismarine Shard	6.0	384.0	64	world	[-1844, 23, 1575]
2019	07	28	01	35	28	__Wildfire_	K9us	Prismarine Shard	6.0	150.0	25	world	[-1844, 23, 1575]
2019	07	28	01	35	29	__Wildfire_	K9us	Prismarine Shard	6.0	6.0	1	world	[-1844, 23, 1575]
2019	07	28	01	35	30	__Wildfire_	K9us	Prismarine Shard	6.0	6.0	1	world	[-1844, 23, 1575]
2019	07	28	01	35	31	__Wildfire_	K9us	Prismarine Shard	6.0	6.0	1	world	[-1844, 23, 1575]
2019	07	28	01	35	32	__Wildfire_	K9us	Prismarine Shard	6.0	6.0	1	world	[-1844, 23, 1575]
2019	07	28	01	35	32	__Wildfire_	K9us	Prismarine Shard	7.0	448.0	64	world	[-1844, 22, 1575]
2019	07	28	01	35	35	__Wildfire_	K9us	Prismarine Shard	7.0	448.0	64	world	[-1844, 22, 1575]
2019	07	28	01	35	35	__Wildfire_	K9us	Prismarine Shard	7.0	448.0	64	world	[-1844, 22, 1575]
2019	07	28	01	35	36	__Wildfire_	K9us	Prismarine Shard	7.0	448.0	64	world	[-1844, 22, 1575]
2019	07	28	01	35	37	__Wildfire_	K9us	Prismarine Shard	7.0	448.0	64	world	[-1844, 22, 1575]
2019	07	28	01	35	37	__Wildfire_	K9us	Prismarine Shard	7.0	448.0	64	world	[-1844, 22, 1575]
2019	07	28	01	35	38	__Wildfire_	K9us	Prismarine Shard	7.0	448.0	64	world	[-1844, 22, 1575]
2019	07	28	01	35	38	__Wildfire_	K9us	Prismarine Shard	7.0	448.0	64	world	[-1844, 22, 1575]
2019	07	28	01	35	39	__Wildfire_	K9us	Prismarine Shard	7.0	448.0	64	world	[-1844, 22, 1575]
2019	07	28	01	35	40	__Wildfire_	K9us	Prismarine Shard	6.0	66.0	11	world	[-1844, 23, 1575]
2019	07	28	01	35	40	__Wildfire_	K9us	Prismarine Shard	7.0	448.0	64	world	[-1844, 22, 1575]
2019	07	28	01	35	41	__Wildfire_	K9us	Prismarine Shard	7.0	448.0	64	world	[-1844, 22, 1575]
2019	07	28	01	35	41	__Wildfire_	K9us	Prismarine Shard	7.0	448.0	64	world	[-1844, 22, 1575]
2019	07	28	01	35	42	__Wildfire_	K9us	Prismarine Shard	7.0	448.0	64	world	[-1844, 22, 1575]
2019	07	28	01	35	43	__Wildfire_	K9us	Prismarine Shard	7.0	448.0	64	world	[-1844, 22, 1575]
2019	07	28	01	35	43	__Wildfire_	K9us	Prismarine Shard	7.0	448.0	64	world	[-1844, 22, 1575]
2019	07	28	01	35	44	__Wildfire_	K9us	Prismarine Shard	7.0	448.0	64	world	[-1844, 22, 1575]
2019	07	28	01	35	45	__Wildfire_	K9us	Prismarine Shard	7.0	448.0	64	world	[-1844, 22, 1575]
2019	07	28	01	35	46	__Wildfire_	K9us	Prismarine Shard	7.0	448.0	64	world	[-1844, 22, 1575]
2019	07	28	01	35	46	__Wildfire_	K9us	Prismarine Shard	7.0	448.0	64	world	[-1844, 22, 1575]
2019	07	28	01	35	47	__Wildfire_	K9us	Prismarine Shard	7.0	448.0	64	world	[-1844, 22, 1575]
2019	07	28	01	35	48	__Wildfire_	K9us	Prismarine Shard	7.0	448.0	64	world	[-1844, 22, 1575]
2019	07	28	01	35	48	__Wildfire_	K9us	Prismarine Shard	7.0	448.0	64	world	[-1844, 22, 1575]
2019	07	28	01	35	49	__Wildfire_	K9us	Prismarine Shard	7.0	448.0	64	world	[-1844, 22, 1575]
2019	07	28	01	35	49	__Wildfire_	K9us	Prismarine Shard	7.0	126.0	18	world	[-1844, 22, 1575]
2019	07	28	01	36	23	__Wildfire_	K9us	Prismarine Shard	6.0	54.0	9	world	[-1844, 23, 1575]
2019	07	28	01	36	24	__Wildfire_	K9us	Prismarine Shard	7.0	448.0	64	world	[-1844, 22, 1575]
2019	07	28	01	36	24	__Wildfire_	K9us	Prismarine Shard	7.0	448.0	64	world	[-1844, 22, 1575]
2019	07	28	01	36	25	__Wildfire_	K9us	Prismarine Shard	7.0	448.0	64	world	[-1844, 22, 1575]
2019	07	28	01	36	26	__Wildfire_	K9us	Prismarine Shard	7.0	448.0	64	world	[-1844, 22, 1575]
2019	07	28	01	36	26	__Wildfire_	K9us	Prismarine Shard	7.0	448.0	64	world	[-1844, 22, 1575]
2019	07	28	01	36	27	__Wildfire_	K9us	Prismarine Shard	7.0	448.0	64	world	[-1844, 22, 1575]
2019	07	28	01	36	28	__Wildfire_	K9us	Prismarine Shard	7.0	448.0	64	world	[-1844, 22, 1575]
2019	07	28	01	36	28	__Wildfire_	K9us	Prismarine Shard	7.0	448.0	64	world	[-1844, 22, 1575]
2019	07	28	01	36	29	__Wildfire_	K9us	Prismarine Shard	7.0	448.0	64	world	[-1844, 22, 1575]
2019	07	28	01	36	30	__Wildfire_	K9us	Prismarine Shard	7.0	448.0	64	world	[-1844, 22, 1575]
2019	07	28	01	36	31	__Wildfire_	K9us	Prismarine Shard	7.0	448.0	64	world	[-1844, 22, 1575]
2019	07	28	01	36	31	__Wildfire_	K9us	Prismarine Shard	7.0	448.0	64	world	[-1844, 22, 1575]
2019	07	28	01	36	32	__Wildfire_	K9us	Prismarine Shard	7.0	448.0	64	world	[-1844, 22, 1575]
2019	07	28	01	36	32	__Wildfire_	K9us	Prismarine Shard	7.0	448.0	64	world	[-1844, 22, 1575]
2019	07	28	01	36	33	__Wildfire_	K9us	Prismarine Shard	7.0	448.0	64	world	[-1844, 22, 1575]
2019	07	28	01	36	34	__Wildfire_	K9us	Prismarine Shard	7.0	448.0	64	world	[-1844, 22, 1575]
2019	07	28	01	36	34	__Wildfire_	K9us	Prismarine Shard	7.0	448.0	64	world	[-1844, 22, 1575]
2019	07	28	01	36	35	__Wildfire_	K9us	Prismarine Shard	7.0	448.0	64	world	[-1844, 22, 1575]
2019	07	28	01	36	35	__Wildfire_	K9us	Prismarine Shard	7.0	448.0	64	world	[-1844, 22, 1575]
2019	07	28	01	36	36	__Wildfire_	K9us	Prismarine Shard	7.0	448.0	64	world	[-1844, 22, 1575]
2019	07	28	01	36	36	__Wildfire_	K9us	Prismarine Shard	7.0	448.0	64	world	[-1844, 22, 1575]
2019	07	28	01	36	37	__Wildfire_	K9us	Prismarine Shard	7.0	448.0	64	world	[-1844, 22, 1575]
2019	07	28	01	36	38	__Wildfire_	K9us	Prismarine Shard	7.0	448.0	64	world	[-1844, 22, 1575]
2019	07	28	01	36	38	__Wildfire_	K9us	Prismarine Shard	7.0	448.0	64	world	[-1844, 22, 1575]
2019	07	28	01	36	39	__Wildfire_	K9us	Prismarine Shard	7.0	448.0	64	world	[-1844, 22, 1575]
2019	07	28	01	36	40	__Wildfire_	K9us	Prismarine Shard	7.0	448.0	64	world	[-1844, 22, 1575]
2019	07	28	01	36	41	__Wildfire_	K9us	Prismarine Shard	7.0	448.0	64	world	[-1844, 22, 1575]
2019	07	28	01	36	42	__Wildfire_	K9us	Prismarine Shard	7.0	448.0	64	world	[-1844, 22, 1575]
2019	07	28	01	36	43	__Wildfire_	K9us	Prismarine Shard	7.0	448.0	64	world	[-1844, 22, 1575]
2019	07	28	01	36	43	__Wildfire_	K9us	Prismarine Shard	7.0	448.0	64	world	[-1844, 22, 1575]
2019	07	28	01	36	44	__Wildfire_	K9us	Prismarine Shard	7.0	448.0	64	world	[-1844, 22, 1575]
2019	07	28	01	36	45	__Wildfire_	K9us	Prismarine Shard	7.0	182.0	26	world	[-1844, 22, 1575]
2019	07	28	01	36	46	__Wildfire_	K9us	Prismarine Shard	7.0	14.0	2	world	[-1844, 22, 1575]
2019	07	28	01	36	46	__Wildfire_	K9us	Prismarine Shard	7.0	7.0	1	world	[-1844, 22, 1575]
2019	07	28	01	36	49	__Wildfire_	K9us	Prismarine Shard	7.0	21.0	3	world	[-1844, 22, 1575]
2019	07	28	01	36	50	__Wildfire_	K9us	Prismarine Shard	8.0	512.0	64	world	[-1844, 21, 1575]
2019	07	28	01	36	51	__Wildfire_	K9us	Prismarine Shard	8.0	136.0	17	world	[-1844, 21, 1575]
2019	07	28	01	37	27	__Wildfire_	K9us	Prismarine Shard	7.0	231.0	33	world	[-1844, 22, 1575]
2019	07	28	01	37	30	__Wildfire_	K9us	Prismarine Shard	8.0	512.0	64	world	[-1844, 21, 1575]
2019	07	28	01	37	30	__Wildfire_	K9us	Prismarine Shard	8.0	512.0	64	world	[-1844, 21, 1575]
2019	07	28	01	37	31	__Wildfire_	K9us	Prismarine Shard	8.0	512.0	64	world	[-1844, 21, 1575]
2019	07	28	01	37	32	__Wildfire_	K9us	Prismarine Shard	8.0	512.0	64	world	[-1844, 21, 1575]
2019	07	28	01	37	32	__Wildfire_	K9us	Prismarine Shard	8.0	512.0	64	world	[-1844, 21, 1575]
2019	07	28	01	37	33	__Wildfire_	K9us	Prismarine Shard	8.0	512.0	64	world	[-1844, 21, 1575]
2019	07	28	01	37	33	__Wildfire_	K9us	Prismarine Shard	8.0	512.0	64	world	[-1844, 21, 1575]
2019	07	28	01	37	34	__Wildfire_	K9us	Prismarine Shard	8.0	512.0	64	world	[-1844, 21, 1575]
2019	07	28	01	37	35	__Wildfire_	K9us	Prismarine Shard	8.0	512.0	64	world	[-1844, 21, 1575]
2019	07	28	01	37	35	__Wildfire_	K9us	Prismarine Shard	8.0	512.0	64	world	[-1844, 21, 1575]
2019	07	28	01	37	37	__Wildfire_	K9us	Prismarine Shard	8.0	512.0	64	world	[-1844, 21, 1575]
2019	07	28	01	37	37	__Wildfire_	K9us	Prismarine Shard	8.0	512.0	64	world	[-1844, 21, 1575]
2019	07	28	01	37	38	__Wildfire_	K9us	Prismarine Shard	8.0	512.0	64	world	[-1844, 21, 1575]
2019	07	28	01	37	38	__Wildfire_	K9us	Prismarine Shard	8.0	512.0	64	world	[-1844, 21, 1575]
2019	07	28	01	37	39	__Wildfire_	K9us	Prismarine Shard	8.0	512.0	64	world	[-1844, 21, 1575]
2019	07	28	01	37	40	__Wildfire_	K9us	Prismarine Shard	8.0	512.0	64	world	[-1844, 21, 1575]
2019	07	28	01	37	41	__Wildfire_	K9us	Prismarine Shard	8.0	512.0	64	world	[-1844, 21, 1575]
2019	07	28	01	37	41	__Wildfire_	K9us	Prismarine Shard	8.0	512.0	64	world	[-1844, 21, 1575]
2019	07	28	01	37	42	__Wildfire_	K9us	Prismarine Shard	8.0	512.0	64	world	[-1844, 21, 1575]
2019	07	28	01	37	43	__Wildfire_	K9us	Prismarine Shard	8.0	512.0	64	world	[-1844, 21, 1575]
2019	07	28	01	37	44	__Wildfire_	K9us	Prismarine Shard	8.0	512.0	64	world	[-1844, 21, 1575]
2019	07	28	01	37	45	__Wildfire_	K9us	Prismarine Shard	8.0	512.0	64	world	[-1844, 21, 1575]
2019	07	28	01	37	46	__Wildfire_	K9us	Prismarine Shard	8.0	512.0	64	world	[-1844, 21, 1575]
2019	07	28	01	37	47	__Wildfire_	K9us	Prismarine Shard	8.0	512.0	64	world	[-1844, 21, 1575]
2019	07	28	01	37	48	__Wildfire_	K9us	Prismarine Shard	8.0	512.0	64	world	[-1844, 21, 1575]
2019	07	28	01	37	48	__Wildfire_	K9us	Prismarine Shard	8.0	512.0	64	world	[-1844, 21, 1575]
2019	07	28	01	37	49	__Wildfire_	K9us	Prismarine Shard	8.0	512.0	64	world	[-1844, 21, 1575]
2019	07	28	01	37	50	__Wildfire_	K9us	Prismarine Shard	8.0	512.0	64	world	[-1844, 21, 1575]
2019	07	28	01	37	51	__Wildfire_	K9us	Prismarine Shard	8.0	512.0	64	world	[-1844, 21, 1575]
2019	07	28	01	37	51	__Wildfire_	K9us	Prismarine Shard	8.0	200.0	25	world	[-1844, 21, 1575]
2019	07	28	01	38	20	__Wildfire_	K9us	Prismarine Shard	8.0	512.0	64	world	[-1844, 21, 1575]
2019	07	28	01	38	20	__Wildfire_	K9us	Prismarine Shard	8.0	512.0	64	world	[-1844, 21, 1575]
2019	07	28	01	38	21	__Wildfire_	K9us	Prismarine Shard	8.0	512.0	64	world	[-1844, 21, 1575]
2019	07	28	01	38	21	__Wildfire_	K9us	Prismarine Shard	8.0	512.0	64	world	[-1844, 21, 1575]
2019	07	28	01	38	22	__Wildfire_	K9us	Prismarine Shard	8.0	512.0	64	world	[-1844, 21, 1575]
2019	07	28	01	38	23	__Wildfire_	K9us	Prismarine Shard	8.0	512.0	64	world	[-1844, 21, 1575]
2019	07	28	01	38	23	__Wildfire_	K9us	Prismarine Shard	8.0	512.0	64	world	[-1844, 21, 1575]
2019	07	28	01	38	24	__Wildfire_	K9us	Prismarine Shard	8.0	512.0	64	world	[-1844, 21, 1575]
2019	07	28	01	38	24	__Wildfire_	K9us	Prismarine Shard	8.0	512.0	64	world	[-1844, 21, 1575]
2019	07	28	01	38	25	__Wildfire_	K9us	Prismarine Shard	8.0	512.0	64	world	[-1844, 21, 1575]
2019	07	28	01	38	26	__Wildfire_	K9us	Prismarine Shard	8.0	512.0	64	world	[-1844, 21, 1575]
2019	07	28	01	38	26	__Wildfire_	K9us	Prismarine Shard	8.0	512.0	64	world	[-1844, 21, 1575]
2019	07	28	01	38	27	__Wildfire_	K9us	Prismarine Shard	8.0	512.0	64	world	[-1844, 21, 1575]
2019	07	28	01	38	27	__Wildfire_	K9us	Prismarine Shard	8.0	512.0	64	world	[-1844, 21, 1575]
2019	07	28	01	38	28	__Wildfire_	K9us	Prismarine Shard	8.0	512.0	64	world	[-1844, 21, 1575]
2019	07	28	01	38	29	__Wildfire_	K9us	Prismarine Shard	8.0	512.0	64	world	[-1844, 21, 1575]
2019	07	28	01	38	29	__Wildfire_	K9us	Prismarine Shard	8.0	512.0	64	world	[-1844, 21, 1575]
2019	07	28	01	38	30	__Wildfire_	K9us	Prismarine Shard	8.0	512.0	64	world	[-1844, 21, 1575]
2019	07	28	01	38	30	__Wildfire_	K9us	Prismarine Shard	8.0	512.0	64	world	[-1844, 21, 1575]
2019	07	28	01	38	31	__Wildfire_	K9us	Prismarine Shard	8.0	512.0	64	world	[-1844, 21, 1575]
2019	07	28	01	38	31	__Wildfire_	K9us	Prismarine Shard	8.0	512.0	64	world	[-1844, 21, 1575]
2019	07	28	01	38	32	__Wildfire_	K9us	Prismarine Shard	8.0	512.0	64	world	[-1844, 21, 1575]
2019	07	28	01	38	32	__Wildfire_	K9us	Prismarine Shard	8.0	512.0	64	world	[-1844, 21, 1575]
2019	07	28	01	38	33	__Wildfire_	K9us	Prismarine Shard	8.0	512.0	64	world	[-1844, 21, 1575]
2019	07	28	01	38	34	__Wildfire_	K9us	Prismarine Shard	8.0	512.0	64	world	[-1844, 21, 1575]
2019	07	28	01	38	35	__Wildfire_	K9us	Prismarine Shard	8.0	280.0	35	world	[-1844, 21, 1575]
2019	07	28	01	38	36	__Wildfire_	K9us	Prismarine Shard	8.0	8.0	1	world	[-1844, 21, 1575]
2019	07	28	01	38	39	__Wildfire_	K9us	Prismarine Shard	8.0	32.0	4	world	[-1844, 21, 1575]
2019	07	28	01	38	39	__Wildfire_	K9us	Prismarine Shard	8.0	8.0	1	world	[-1844, 21, 1575]
2019	07	28	01	38	40	__Wildfire_	K9us	Prismarine Shard	9.0	180.0	20	world	[-1844, 20, 1575]
2019	07	28	01	38	59	__Wildfire_	K9us	Prismarine Shard	8.0	224.0	28	world	[-1844, 21, 1575]
2019	07	28	01	39	01	__Wildfire_	K9us	Prismarine Shard	8.0	24.0	3	world	[-1844, 21, 1575]
2019	07	28	01	39	03	__Wildfire_	K9us	Prismarine Shard	9.0	576.0	64	world	[-1844, 20, 1575]
2019	07	28	01	39	03	__Wildfire_	K9us	Prismarine Shard	9.0	576.0	64	world	[-1844, 20, 1575]
2019	07	28	01	39	04	__Wildfire_	K9us	Prismarine Shard	9.0	576.0	64	world	[-1844, 20, 1575]
2019	07	28	01	39	05	__Wildfire_	K9us	Prismarine Shard	9.0	576.0	64	world	[-1844, 20, 1575]
2019	08	01	13	45	21	Oaken_Ralph	K9us	Prismarine Shard	8.0	8.0	1	world	[-1844, 21, 1575]
2019	08	01	13	45	22	Oaken_Ralph	K9us	Prismarine Shard	8.0	8.0	1	world	[-1844, 21, 1575]
2019	08	01	13	45	23	Oaken_Ralph	K9us	Prismarine Shard	8.0	8.0	1	world	[-1844, 21, 1575]
2019	08	01	13	45	25	Oaken_Ralph	K9us	Prismarine Shard	8.0	8.0	1	world	[-1844, 21, 1575]
2019	08	01	13	45	27	Oaken_Ralph	K9us	Prismarine Shard	8.0	8.0	1	world	[-1844, 21, 1575]
2019	08	01	13	45	28	Oaken_Ralph	K9us	Prismarine Shard	8.0	8.0	1	world	[-1844, 21, 1575]
2019	08	01	13	45	28	Oaken_Ralph	K9us	Prismarine Shard	8.0	8.0	1	world	[-1844, 21, 1575]
2019	08	01	13	45	29	Oaken_Ralph	K9us	Prismarine Shard	8.0	8.0	1	world	[-1844, 21, 1575]
2019	08	01	13	45	39	Oaken_Ralph	K9us	Prismarine Shard	8.0	8.0	1	world	[-1844, 21, 1575]
2019	08	01	13	45	40	Oaken_Ralph	K9us	Prismarine Shard	8.0	8.0	1	world	[-1844, 21, 1575]
2019	08	01	13	45	41	Oaken_Ralph	K9us	Prismarine Shard	8.0	8.0	1	world	[-1844, 21, 1575]
2019	08	01	13	45	42	Oaken_Ralph	K9us	Prismarine Shard	8.0	8.0	1	world	[-1844, 21, 1575]
2019	08	01	13	45	44	Oaken_Ralph	K9us	Prismarine Shard	8.0	8.0	1	world	[-1844, 21, 1575]
2019	08	01	13	45	44	Oaken_Ralph	K9us	Prismarine Shard	8.0	8.0	1	world	[-1844, 21, 1575]
2019	08	01	13	45	45	Oaken_Ralph	K9us	Prismarine Shard	8.0	8.0	1	world	[-1844, 21, 1575]
2019	08	01	13	45	45	Oaken_Ralph	K9us	Prismarine Shard	8.0	8.0	1	world	[-1844, 21, 1575]
2019	08	01	13	45	47	Oaken_Ralph	K9us	Prismarine Shard	8.0	8.0	1	world	[-1844, 21, 1575]
2019	08	01	13	45	48	Oaken_Ralph	K9us	Prismarine Shard	8.0	8.0	1	world	[-1844, 21, 1575]
2019	08	01	13	45	49	Oaken_Ralph	K9us	Prismarine Shard	8.0	8.0	1	world	[-1844, 21, 1575]
2019	08	01	13	45	49	Oaken_Ralph	K9us	Prismarine Shard	8.0	8.0	1	world	[-1844, 21, 1575]
2019	08	01	13	45	50	Oaken_Ralph	K9us	Prismarine Shard	8.0	8.0	1	world	[-1844, 21, 1575]
2019	08	01	13	45	50	Oaken_Ralph	K9us	Prismarine Shard	8.0	8.0	1	world	[-1844, 21, 1575]
2019	08	01	13	45	51	Oaken_Ralph	K9us	Prismarine Shard	8.0	8.0	1	world	[-1844, 21, 1575]
2019	08	01	13	45	53	Oaken_Ralph	K9us	Prismarine Shard	8.0	8.0	1	world	[-1844, 21, 1575]
2019	09	24	14	51	53	Oaken_Ralph	K9us	Prismarine Shard	8.0	8.0	1	world	[-1844, 21, 1575]
2019	09	24	14	51	54	Oaken_Ralph	K9us	Prismarine Shard	8.0	8.0	1	world	[-1844, 21, 1575]
2019	09	24	14	51	57	Oaken_Ralph	K9us	Prismarine Shard	8.0	408.0	51	world	[-1844, 21, 1575]
2019	09	24	14	51	59	Oaken_Ralph	K9us	Prismarine Shard	9.0	576.0	64	world	[-1844, 20, 1575]
2019	09	24	14	52	00	Oaken_Ralph	K9us	Prismarine Shard	9.0	576.0	64	world	[-1844, 20, 1575]
2019	09	24	14	52	01	Oaken_Ralph	K9us	Prismarine Shard	9.0	576.0	64	world	[-1844, 20, 1575]
2019	09	24	14	52	01	Oaken_Ralph	K9us	Prismarine Shard	9.0	576.0	64	world	[-1844, 20, 1575]
2019	09	24	14	52	05	Oaken_Ralph	K9us	Prismarine Shard	9.0	576.0	64	world	[-1844, 20, 1575]
2019	09	24	14	52	06	Oaken_Ralph	K9us	Prismarine Shard	9.0	576.0	64	world	[-1844, 20, 1575]
2019	09	24	14	52	07	Oaken_Ralph	K9us	Prismarine Shard	9.0	576.0	64	world	[-1844, 20, 1575]
2019	09	24	14	52	08	Oaken_Ralph	K9us	Prismarine Shard	9.0	576.0	64	world	[-1844, 20, 1575]
2019	09	24	14	52	08	Oaken_Ralph	K9us	Prismarine Shard	9.0	576.0	64	world	[-1844, 20, 1575]
2019	09	24	14	52	09	Oaken_Ralph	K9us	Prismarine Shard	9.0	576.0	64	world	[-1844, 20, 1575]
2019	09	24	14	52	09	Oaken_Ralph	K9us	Prismarine Shard	9.0	576.0	64	world	[-1844, 20, 1575]
2019	09	24	14	52	10	Oaken_Ralph	K9us	Prismarine Shard	9.0	576.0	64	world	[-1844, 20, 1575]
2019	09	24	14	52	11	Oaken_Ralph	K9us	Prismarine Shard	9.0	576.0	64	world	[-1844, 20, 1575]
2019	09	24	14	52	11	Oaken_Ralph	K9us	Prismarine Shard	9.0	576.0	64	world	[-1844, 20, 1575]
2019	09	24	14	52	13	Oaken_Ralph	K9us	Prismarine Shard	9.0	576.0	64	world	[-1844, 20, 1575]
2019	09	24	14	52	14	Oaken_Ralph	K9us	Prismarine Shard	9.0	576.0	64	world	[-1844, 20, 1575]
2019	09	24	14	52	14	Oaken_Ralph	K9us	Prismarine Shard	9.0	576.0	64	world	[-1844, 20, 1575]
2019	09	24	14	52	15	Oaken_Ralph	K9us	Prismarine Shard	9.0	576.0	64	world	[-1844, 20, 1575]
2019	09	24	14	52	15	Oaken_Ralph	K9us	Prismarine Shard	9.0	576.0	64	world	[-1844, 20, 1575]
2019	09	24	14	52	16	Oaken_Ralph	K9us	Prismarine Shard	9.0	576.0	64	world	[-1844, 20, 1575]
2019	09	24	14	52	18	Oaken_Ralph	K9us	Prismarine Shard	9.0	576.0	64	world	[-1844, 20, 1575]
2019	09	24	14	52	18	Oaken_Ralph	K9us	Prismarine Shard	9.0	576.0	64	world	[-1844, 20, 1575]
2019	09	24	14	52	20	Oaken_Ralph	K9us	Prismarine Shard	9.0	576.0	64	world	[-1844, 20, 1575]
2019	09	24	14	52	28	Oaken_Ralph	K9us	Prismarine Shard	9.0	576.0	64	world	[-1844, 20, 1575]
2019	09	24	14	52	29	Oaken_Ralph	K9us	Prismarine Shard	9.0	576.0	64	world	[-1844, 20, 1575]
2019	09	24	14	52	30	Oaken_Ralph	K9us	Prismarine Shard	9.0	99.0	11	world	[-1844, 20, 1575]
2019	09	24	16	21	49	Oaken_Ralph	K9us	Prismarine Shard	9.0	576.0	64	world	[-1844, 20, 1575]
2019	09	24	16	21	50	Oaken_Ralph	K9us	Prismarine Shard	9.0	576.0	64	world	[-1844, 20, 1575]
2019	09	24	16	21	51	Oaken_Ralph	K9us	Prismarine Shard	9.0	576.0	64	world	[-1844, 20, 1575]
2019	09	24	16	21	51	Oaken_Ralph	K9us	Prismarine Shard	9.0	576.0	64	world	[-1844, 20, 1575]
2019	09	24	16	21	52	Oaken_Ralph	K9us	Prismarine Shard	9.0	576.0	64	world	[-1844, 20, 1575]
2019	09	24	16	21	53	Oaken_Ralph	K9us	Prismarine Shard	9.0	576.0	64	world	[-1844, 20, 1575]
2019	09	24	16	21	53	Oaken_Ralph	K9us	Prismarine Shard	9.0	576.0	64	world	[-1844, 20, 1575]
2019	09	24	16	21	54	Oaken_Ralph	K9us	Prismarine Shard	9.0	576.0	64	world	[-1844, 20, 1575]
2019	09	24	16	21	54	Oaken_Ralph	K9us	Prismarine Shard	9.0	576.0	64	world	[-1844, 20, 1575]
2019	09	24	16	21	55	Oaken_Ralph	K9us	Prismarine Shard	9.0	576.0	64	world	[-1844, 20, 1575]
2019	09	24	16	21	57	Oaken_Ralph	K9us	Prismarine Shard	9.0	576.0	64	world	[-1844, 20, 1575]
2019	09	24	16	21	58	Oaken_Ralph	K9us	Prismarine Shard	9.0	576.0	64	world	[-1844, 20, 1575]
2019	09	24	16	21	58	Oaken_Ralph	K9us	Prismarine Shard	9.0	576.0	64	world	[-1844, 20, 1575]
2019	09	24	16	21	59	Oaken_Ralph	K9us	Prismarine Shard	9.0	576.0	64	world	[-1844, 20, 1575]
2019	09	24	16	21	59	Oaken_Ralph	K9us	Prismarine Shard	9.0	576.0	64	world	[-1844, 20, 1575]
2019	09	24	16	22	00	Oaken_Ralph	K9us	Prismarine Shard	9.0	576.0	64	world	[-1844, 20, 1575]
2019	09	24	16	22	00	Oaken_Ralph	K9us	Prismarine Shard	9.0	576.0	64	world	[-1844, 20, 1575]
2019	09	24	16	22	01	Oaken_Ralph	K9us	Prismarine Shard	9.0	576.0	64	world	[-1844, 20, 1575]
2019	09	24	16	22	02	Oaken_Ralph	K9us	Prismarine Shard	9.0	576.0	64	world	[-1844, 20, 1575]
2019	09	24	16	22	02	Oaken_Ralph	K9us	Prismarine Shard	9.0	576.0	64	world	[-1844, 20, 1575]
2019	09	24	16	22	04	Oaken_Ralph	K9us	Prismarine Shard	9.0	576.0	64	world	[-1844, 20, 1575]
2019	09	24	16	22	04	Oaken_Ralph	K9us	Prismarine Shard	9.0	576.0	64	world	[-1844, 20, 1575]
2019	09	24	16	22	05	Oaken_Ralph	K9us	Prismarine Shard	9.0	576.0	64	world	[-1844, 20, 1575]
2019	09	24	16	22	05	Oaken_Ralph	K9us	Prismarine Shard	9.0	576.0	64	world	[-1844, 20, 1575]
2019	09	24	16	22	06	Oaken_Ralph	K9us	Prismarine Shard	9.0	576.0	64	world	[-1844, 20, 1575]
